0.0000
0.0000
0.0000
0.0000
0.0000
0.0000
0.0000
0.0000
0.0000
0.0000
0.0000
0.0000
0.0000
0.0000
0.0000
0.0000
0.0000
0.0000
0.0000
0.0000
0.0000
0.0000
0.0000
0.0000
0.0000
0.0000
0.0000
0.0000
0.0000
0.0000
0.0000
0.0000
0.0000
0.0000
0.0000
0.0000
0.0000
0.0000
0.0000
0.0000
0.0000
0.0000
0.0000
0.0000
0.0000
0.0000
0.0000
0.0000
0.0000
0.0000
0.0000
0.0000
0.0000
0.0000
0.0000
0.0000
0.0000
0.0000
0.0000
0.0000
0.0000
0.0000
0.0000
0.0000
0.0000
0.0001
0.0003
0.0001
0.0024
0.0079
0.0174
0.0126
0.0029
0.0005
0.0000
0.0000
0.0000
0.0000
0.0000
0.0000
0.0000
0.0000
0.0000
0.0000
0.0000
0.0000
0.0000
0.0000
0.0000
0.0000
0.0000
0.0000
0.0000
0.0001
0.0007
0.0038
0.0170
0.0213
0.0231
0.0150
0.0039
0.0008
0.0000
0.0000
0.0000
0.0000
0.0000
0.0000
0.0000
0.0000
0.0000
0.0000
0.0000
0.0000
0.0000
0.0000
0.0000
0.0000
0.0002
0.0000
0.0001
0.0013
0.0081
0.0426
0.0839
0.1655
0.1804
0.1713
0.1383
0.0912
0.0345
0.0102
0.0001
0.0000
0.0000
0.0000
0.0000
0.0000
0.0000
0.0000
0.0000
0.0000
0.0000
0.0000
0.0000
0.0000
0.0001
0.0009
0.0084
0.0446
0.1098
0.2039
0.3192
0.4427
0.4713
0.4808
0.5004
0.4914
0.4353
0.2166
0.0565
0.0008
0.0001
0.0000
0.0000
0.0000
0.0000
0.0000
0.0000
0.0000
0.0000
0.0000
0.0000
0.0001
0.0034
0.0188
0.0451
0.1037
0.2655
0.3929
0.5802
0.6651
0.7178
0.8048
0.8401
0.8572
0.8568
0.6625
0.3747
0.0831
0.0014
0.0001
0.0000
0.0000
0.0000
0.0000
0.0000
0.0000
0.0000
0.0000
0.0000
0.0009
0.0184
0.0376
0.0836
0.2332
0.4002
0.6167
0.7560
0.7980
0.8411
0.8332
0.8393
0.8528
0.8951
0.8927
0.6697
0.3248
0.0714
0.0010
0.0000
0.0000
0.0000
0.0000
0.0000
0.0000
0.0000
0.0000
0.0004
0.0043
0.0231
0.0827
0.1673
0.3754
0.5868
0.7517
0.7968
0.7703
0.6796
0.6159
0.6626
0.7367
0.8178
0.8477
0.8439
0.5209
0.2128
0.0211
0.0000
0.0000
0.0000
0.0000
0.0000
0.0000
0.0000
0.0000
0.0001
0.0207
0.0583
0.1360
0.3647
0.6262
0.8132
0.7619
0.6366
0.5751
0.5645
0.5253
0.4648
0.5118
0.6813
0.7845
0.8373
0.6336
0.3548
0.1018
0.0038
0.0000
0.0000
0.0000
0.0000
0.0000
0.0000
0.0000
0.0000
0.0253
0.0956
0.2983
0.6311
0.8564
0.8333
0.6360
0.5005
0.4435
0.4401
0.3503
0.3519
0.3697
0.5156
0.7229
0.8163
0.7609
0.5104
0.2193
0.0341
0.0000
0.0000
0.0000
0.0000
0.0000
0.0000
0.0000
0.0011
0.0343
0.1835
0.5297
0.8090
0.8598
0.6478
0.4670
0.3861
0.3571
0.3237
0.3267
0.3754
0.3360
0.4149
0.6065
0.8051
0.8314
0.6916
0.3724
0.0686
0.0001
0.0000
0.0000
0.0000
0.0000
0.0000
0.0000
0.0036
0.0909
0.4396
0.7423
0.8690
0.6782
0.5098
0.3132
0.2943
0.2335
0.2396
0.2876
0.2431
0.1973
0.2720
0.5231
0.7295
0.8505
0.7857
0.5109
0.1143
0.0026
0.0000
0.0000
0.0000
0.0000
0.0000
0.0000
0.0103
0.2540
0.6301
0.8263
0.7521
0.5350
0.3036
0.2484
0.1522
0.0576
0.0910
0.1346
0.0616
0.0589
0.1010
0.2713
0.5087
0.8315
0.8622
0.6505
0.1583
0.0055
0.0000
0.0000
0.0000
0.0000
0.0000
0.0000
0.0471
0.4605
0.7228
0.8254
0.6402
0.3804
0.1885
0.0739
0.0355
0.0336
0.0431
0.0549
0.0522
0.0386
0.0425
0.1597
0.3199
0.7368
0.9040
0.6760
0.1455
0.0104
0.0000
0.0000
0.0000
0.0000
0.0000
0.0000
0.1702
0.5765
0.8333
0.7514
0.4549
0.2671
0.0912
0.0345
0.0203
0.0236
0.0301
0.0321
0.0308
0.0249
0.0310
0.1447
0.3013
0.7566
0.8968
0.6442
0.1296
0.0111
0.0000
0.0000
0.0000
0.0000
0.0000
0.0000
0.2538
0.6960
0.8558
0.5961
0.4261
0.1720
0.0696
0.0342
0.0186
0.0249
0.0269
0.0201
0.0141
0.0263
0.0377
0.2117
0.4843
0.8474
0.8495
0.4606
0.1142
0.0059
0.0000
0.0000
0.0000
0.0000
0.0000
0.0000
0.3513
0.7107
0.8183
0.5390
0.3718
0.1724
0.0751
0.0387
0.0186
0.0200
0.0205
0.0240
0.0402
0.0731
0.1244
0.3664
0.6711
0.9176
0.6852
0.2668
0.0724
0.0007
0.0000
0.0000
0.0000
0.0000
0.0000
0.0000
0.4272
0.7001
0.7089
0.4672
0.3591
0.1990
0.1167
0.0637
0.0571
0.0495
0.0660
0.0832
0.1288
0.2239
0.3740
0.6548
0.8847
0.8485
0.4147
0.1600
0.0464
0.0000
0.0000
0.0000
0.0000
0.0000
0.0000
0.0000
0.3924
0.6671
0.7773
0.4777
0.4139
0.2776
0.2123
0.1718
0.1531
0.1513
0.1987
0.2456
0.3692
0.5018
0.7345
0.8825
0.7761
0.4885
0.1848
0.0732
0.0222
0.0000
0.0000
0.0000
0.0000
0.0000
0.0000
0.0000
0.3698
0.5465
0.8016
0.6431
0.5296
0.4393
0.3458
0.3037
0.3311
0.3635
0.4173
0.5341
0.6546
0.7640
0.8284
0.6659
0.4538
0.2424
0.1110
0.0274
0.0048
0.0000
0.0000
0.0000
0.0000
0.0000
0.0000
0.0000
0.1854
0.4136
0.6695
0.7804
0.7581
0.6977
0.6630
0.5923
0.5998
0.6509
0.7130
0.7488
0.7736
0.7045
0.5766
0.3467
0.2027
0.1035
0.0562
0.0344
0.0018
0.0000
0.0000
0.0000
0.0000
0.0000
0.0000
0.0000
0.0698
0.2030
0.4292
0.6418
0.8061
0.8830
0.8819
0.8126
0.7780
0.7679
0.6839
0.6390
0.5738
0.4549
0.2609
0.1558
0.0876
0.0495
0.0118
0.0038
0.0003
0.0000
0.0000
0.0000
0.0000
0.0000
0.0000
0.0000
0.0047
0.0132
0.0946
0.2862
0.4631
0.5729
0.5764
0.5609
0.5626
0.5254
0.4490
0.3693
0.2868
0.1589
0.1003
0.0716
0.0400
0.0083
0.0003
0.0000
0.0000
0.0000
0.0000
0.0000
0.0000
0.0000
0.0000
0.0000
0.0000
0.0000
0.0000
0.0003
0.0627
0.1556
0.2344
0.2459
0.2337
0.1932
0.1365
0.1138
0.0614
0.0317
0.0217
0.0036
0.0026
0.0001
0.0000
0.0000
0.0000
0.0000
0.0000
0.0000
0.0000
0.0000
0.0000
0.0000
0.0000
0.0000
0.0000
0.0000
0.0000
0.0000
0.0000
0.0000
0.0000
0.0000
0.0000
0.0000
0.0000
0.0000
0.0000
0.0000
0.0000
0.0000
0.0000
0.0000
0.0000
0.0000
0.0000
0.0000
0.0000
0.0000
0.0000
0.0000
0.0000
0.0000
0.0000
0.0000
0.0000
0.0000
0.0000
0.0000
0.0000
0.0000
0.0000
0.0000
0.0000
0.0000
0.0000
0.0000
0.0000
0.0000
0.0000
0.0000
0.0000
0.0000
0.0000
0.0000
0.0000
0.0000
0.0000
0.0000
0.0000
0.0000
0.0000
0.0000
0.0000
0.0000
0.0000
0.0000
0.0000
0.0000
0.0000
0.0000
0.0000
0.0000
0.0000
0.0000
0.0000
0.0000
0.0000
0.0000
0.0000
0.0000
0.0000
0.0000
