0.0000
0.0000
0.0000
0.0000
0.0000
0.0000
0.0000
0.0000
0.0000
0.0000
0.0000
0.0000
0.0000
0.0000
0.0000
0.0000
0.0000
0.0000
0.0000
0.0000
0.0000
0.0000
0.0000
0.0000
0.0000
0.0000
0.0000
0.0000
0.0000
0.0000
0.0000
0.0000
0.0000
0.0000
0.0000
0.0000
0.0000
0.0000
0.0000
0.0021
0.0049
0.0033
0.0017
0.0010
0.0004
0.0000
0.0006
0.0050
0.0026
0.0000
0.0000
0.0000
0.0000
0.0000
0.0000
0.0000
0.0000
0.0000
0.0000
0.0000
0.0041
0.0000
0.0000
0.0001
0.0068
0.0305
0.0346
0.0520
0.0712
0.0603
0.1560
0.2820
0.3051
0.1799
0.1983
0.1154
0.0254
0.0000
0.0000
0.0000
0.0000
0.0000
0.0000
0.0000
0.0000
0.0000
0.0000
0.0000
0.0106
0.0000
0.0000
0.0000
0.0195
0.0335
0.0581
0.1116
0.1478
0.2618
0.4235
0.5721
0.6162
0.4291
0.2241
0.1145
0.0273
0.0002
0.0000
0.0000
0.0000
0.0000
0.0000
0.0000
0.0000
0.0000
0.0000
0.0000
0.0000
0.0000
0.0000
0.0057
0.0324
0.0503
0.1003
0.1619
0.2512
0.4298
0.6112
0.7329
0.6177
0.3910
0.2120
0.0329
0.0034
0.0004
0.0000
0.0000
0.0000
0.0000
0.0000
0.0000
0.0000
0.0000
0.0000
0.0000
0.0000
0.0001
0.0000
0.0225
0.0453
0.0838
0.1387
0.2064
0.4015
0.6487
0.8206
0.7752
0.4655
0.2668
0.0961
0.0047
0.0040
0.0020
0.0000
0.0000
0.0000
0.0000
0.0000
0.0000
0.0000
0.0000
0.0000
0.0000
0.0000
0.0000
0.0062
0.0327
0.0619
0.1092
0.1885
0.3412
0.6549
0.8414
0.8145
0.6209
0.2888
0.1178
0.0331
0.0040
0.0040
0.0022
0.0001
0.0000
0.0000
0.0000
0.0000
0.0000
0.0000
0.0000
0.0000
0.0000
0.0000
0.0003
0.0076
0.0423
0.0911
0.1680
0.2840
0.5455
0.8582
0.8399
0.6414
0.3217
0.0884
0.0386
0.0098
0.0072
0.0052
0.0038
0.0014
0.0000
0.0000
0.0000
0.0000
0.0000
0.0000
0.0000
0.0000
0.0033
0.0032
0.0091
0.0348
0.0705
0.1442
0.2619
0.5332
0.7937
0.8733
0.7545
0.3973
0.0810
0.0604
0.0344
0.0257
0.0161
0.0118
0.0082
0.0047
0.0004
0.0000
0.0000
0.0000
0.0000
0.0000
0.0000
0.0000
0.0109
0.0108
0.0169
0.0553
0.0951
0.2189
0.4051
0.7158
0.8697
0.7694
0.4547
0.1105
0.0439
0.0308
0.0335
0.0358
0.0359
0.0248
0.0115
0.0075
0.0007
0.0000
0.0000
0.0000
0.0000
0.0000
0.0000
0.0000
0.0041
0.0111
0.0208
0.0683
0.1181
0.2822
0.6409
0.8755
0.8259
0.5381
0.2360
0.0441
0.0467
0.0802
0.1163
0.1253
0.0695
0.0591
0.0288
0.0096
0.0029
0.0000
0.0000
0.0000
0.0000
0.0000
0.0000
0.0000
0.0000
0.0039
0.0152
0.0809
0.1398
0.4467
0.7886
0.8960
0.6825
0.3334
0.1358
0.1066
0.2035
0.2981
0.3470
0.3728
0.3035
0.2612
0.1436
0.0272
0.0039
0.0000
0.0000
0.0000
0.0000
0.0000
0.0000
0.0000
0.0000
0.0120
0.0171
0.0817
0.2608
0.6421
0.8961
0.7530
0.4889
0.2384
0.2012
0.2522
0.4308
0.4800
0.5108
0.6087
0.5993
0.5194
0.3878
0.2482
0.0292
0.0001
0.0000
0.0000
0.0000
0.0000
0.0000
0.0000
0.0000
0.0092
0.0173
0.1062
0.3520
0.7730
0.8895
0.6287
0.3010
0.2344
0.3133
0.4392
0.5325
0.6511
0.6996
0.7526
0.7359
0.7698
0.5705
0.3409
0.1276
0.0002
0.0000
0.0000
0.0000
0.0000
0.0000
0.0000
0.0000
0.0011
0.0067
0.1761
0.5301
0.9099
0.7747
0.5568
0.3068
0.3286
0.4129
0.5427
0.6929
0.6875
0.7103
0.7644
0.8040
0.9015
0.7100
0.4093
0.1837
0.0107
0.0000
0.0000
0.0000
0.0000
0.0000
0.0000
0.0000
0.0000
0.0532
0.1777
0.5953
0.8629
0.7575
0.5567
0.3591
0.3406
0.4691
0.6314
0.6702
0.6841
0.6484
0.5836
0.6528
0.8295
0.7546
0.4872
0.2490
0.0513
0.0063
0.0000
0.0000
0.0000
0.0000
0.0000
0.0000
0.0000
0.0532
0.1949
0.6413
0.8575
0.7767
0.5684
0.4689
0.4902
0.4931
0.6275
0.5596
0.4851
0.4260
0.4682
0.5974
0.7650
0.7993
0.5387
0.2531
0.0310
0.0070
0.0000
0.0000
0.0000
0.0000
0.0000
0.0000
0.0005
0.0527
0.2218
0.6352
0.8237
0.7563
0.6421
0.5281
0.4591
0.5032
0.5256
0.4073
0.4294
0.4997
0.5697
0.6323
0.7209
0.7889
0.5161
0.2036
0.0427
0.0070
0.0000
0.0000
0.0000
0.0000
0.0000
0.0000
0.0008
0.0520
0.2004
0.5196
0.8068
0.7946
0.6812
0.5348
0.5339
0.5414
0.5591
0.5532
0.5885
0.6788
0.7386
0.7643
0.7613
0.6167
0.2950
0.1284
0.0440
0.0082
0.0000
0.0000
0.0000
0.0000
0.0000
0.0000
0.0007
0.0011
0.1524
0.4137
0.7165
0.8665
0.8488
0.7288
0.7865
0.7978
0.7760
0.7687
0.7671
0.7912
0.8053
0.7702
0.6030
0.3097
0.1710
0.1161
0.0267
0.0017
0.0000
0.0000
0.0000
0.0000
0.0000
0.0000
0.0000
0.0007
0.0601
0.2669
0.5070
0.7810
0.9201
0.9707
0.9762
0.9544
0.9376
0.8893
0.8344
0.7716
0.6243
0.4772
0.3143
0.1686
0.1223
0.0382
0.0026
0.0000
0.0000
0.0000
0.0000
0.0000
0.0000
0.0000
0.0000
0.0000
0.0004
0.0487
0.2839
0.4457
0.5833
0.6893
0.8412
0.9008
0.8131
0.6341
0.4950
0.4142
0.3167
0.2010
0.1257
0.0790
0.0287
0.0057
0.0000
0.0000
0.0000
0.0000
0.0000
0.0000
0.0000
0.0000
0.0000
0.0000
0.0000
0.0026
0.0063
0.0540
0.1258
0.2054
0.2215
0.2240
0.1838
0.1520
0.0945
0.0561
0.0486
0.0324
0.0151
0.0098
0.0059
0.0009
0.0000
0.0000
0.0000
0.0000
0.0000
0.0000
0.0000
0.0000
0.0000
0.0000
0.0000
0.0003
0.0024
0.0042
0.0046
0.0058
0.0046
0.0019
0.0013
0.0006
0.0000
0.0000
0.0000
0.0000
0.0032
0.0057
0.0054
0.0000
0.0000
0.0000
0.0000
0.0000
0.0000
0.0000
0.0000
0.0000
0.0000
0.0000
0.0000
0.0000
0.0000
0.0000
0.0000
0.0000
0.0000
0.0000
0.0000
0.0000
0.0000
0.0000
0.0000
0.0000
0.0000
0.0000
0.0000
0.0000
0.0000
0.0000
0.0000
0.0000
0.0000
0.0000
0.0000
0.0000
0.0000
0.0000
0.0000
0.0000
0.0000
0.0000
0.0000
0.0000
0.0000
0.0000
0.0000
0.0000
0.0000
0.0000
0.0000
0.0000
0.0000
0.0000
0.0000
0.0000
0.0000
0.0000
0.0000
0.0000
0.0000
0.0000
0.0000
0.0000
0.0000
0.0000
0.0000
0.0000
0.0000
0.0000
0.0000
0.0000
0.0000
0.0000
0.0000
0.0000
0.0000
0.0000
0.0000
0.0000
0.0000
0.0000
0.0000
0.0000
0.0000
0.0000
0.0000
0.0000
0.0000
0.0000
0.0000
0.0000
0.0000
0.0000
0.0000
0.0000
0.0000
0.0000
0.0000
0.0000
0.0000
0.0000
0.0000
0.0000
0.0000
0.0000
0.0000
0.0000
0.0000
0.0000
0.0000
0.0000
0.0000
0.0000
0.0000
0.0000
