0.0000
0.0000
0.0000
0.0000
0.0000
0.0000
0.0000
0.0000
0.0000
0.0000
0.0000
0.0000
0.0000
0.0000
0.0000
0.0000
0.0000
0.0000
0.0000
0.0000
0.0000
0.0000
0.0000
0.0000
0.0000
0.0000
0.0000
0.0000
0.0000
0.0000
0.0000
0.0000
0.0000
0.0000
0.0000
0.0000
0.0000
0.0000
0.0000
0.0000
0.0000
0.0000
0.0000
0.0000
0.0000
0.0000
0.0000
0.0000
0.0000
0.0000
0.0000
0.0000
0.0000
0.0000
0.0000
0.0000
0.0000
0.0000
0.0000
0.0024
0.0000
0.0000
0.0000
0.0000
0.0000
0.0000
0.0000
0.0000
0.0000
0.0005
0.0301
0.1320
0.2036
0.2171
0.2816
0.2569
0.2794
0.1738
0.0340
0.0000
0.0000
0.0000
0.0000
0.0000
0.0000
0.0000
0.0000
0.0190
0.0187
0.0000
0.0000
0.0000
0.0000
0.0000
0.0000
0.0000
0.0000
0.0278
0.1061
0.2245
0.3200
0.3467
0.4668
0.5061
0.4196
0.2155
0.0560
0.0000
0.0000
0.0000
0.0000
0.0000
0.0000
0.0000
0.0000
0.0003
0.0000
0.0000
0.0000
0.0002
0.0000
0.0000
0.0000
0.0000
0.0042
0.0545
0.1593
0.3241
0.3952
0.5577
0.5944
0.5226
0.3058
0.1324
0.0165
0.0011
0.0000
0.0000
0.0000
0.0000
0.0000
0.0000
0.0000
0.0021
0.0000
0.0000
0.0000
0.0000
0.0000
0.0000
0.0000
0.0009
0.0068
0.1010
0.2857
0.4080
0.6099
0.6202
0.5958
0.3388
0.1178
0.0393
0.0090
0.0009
0.0002
0.0000
0.0000
0.0000
0.0000
0.0000
0.0000
0.0000
0.0000
0.0000
0.0000
0.0024
0.0021
0.0019
0.0033
0.0059
0.0245
0.2190
0.4068
0.5660
0.6457
0.6043
0.4080
0.0798
0.0385
0.0159
0.0021
0.0009
0.0006
0.0003
0.0000
0.0000
0.0000
0.0000
0.0000
0.0000
0.0000
0.0000
0.0000
0.0002
0.0024
0.0053
0.0054
0.0155
0.1195
0.3723
0.6317
0.7738
0.6126
0.3798
0.0955
0.0165
0.0096
0.0148
0.0015
0.0007
0.0003
0.0001
0.0000
0.0000
0.0000
0.0000
0.0000
0.0000
0.0000
0.0000
0.0001
0.0002
0.0024
0.0053
0.0071
0.0331
0.2575
0.6106
0.8441
0.6596
0.3916
0.1161
0.0158
0.0039
0.0064
0.0154
0.0007
0.0001
0.0000
0.0000
0.0000
0.0000
0.0000
0.0000
0.0000
0.0000
0.0000
0.0000
0.0002
0.0003
0.0005
0.0041
0.0327
0.1875
0.5765
0.8567
0.7235
0.3854
0.1280
0.0397
0.0150
0.0048
0.0063
0.0264
0.0095
0.0000
0.0000
0.0000
0.0000
0.0000
0.0000
0.0000
0.0000
0.0000
0.0000
0.0000
0.0003
0.0013
0.0002
0.0074
0.0858
0.4912
0.8655
0.8712
0.4772
0.1312
0.0459
0.0298
0.0195
0.0050
0.0049
0.0214
0.0162
0.0000
0.0000
0.0000
0.0000
0.0000
0.0000
0.0000
0.0000
0.0000
0.0000
0.0000
0.0001
0.0044
0.0048
0.0320
0.3606
0.7889
0.9139
0.6270
0.1626
0.0408
0.0362
0.0319
0.0258
0.0101
0.0049
0.0033
0.0038
0.0000
0.0000
0.0000
0.0000
0.0000
0.0000
0.0000
0.0000
0.0000
0.0000
0.0000
0.0012
0.0000
0.0059
0.1598
0.7402
0.9220
0.7267
0.1906
0.0485
0.0671
0.1123
0.1285
0.1138
0.1150
0.1479
0.1078
0.1057
0.0256
0.0002
0.0000
0.0000
0.0000
0.0000
0.0000
0.0000
0.0000
0.0000
0.0006
0.0111
0.0143
0.1186
0.5068
0.8517
0.8264
0.4061
0.0927
0.0961
0.1751
0.2469
0.4038
0.5613
0.5754
0.5080
0.4060
0.1970
0.1132
0.0023
0.0000
0.0000
0.0000
0.0000
0.0000
0.0000
0.0000
0.0001
0.0037
0.0229
0.0805
0.3526
0.7580
0.7714
0.5724
0.2270
0.1663
0.2829
0.4817
0.7575
0.8615
0.9037
0.8766
0.7085
0.5254
0.3111
0.1108
0.0000
0.0000
0.0000
0.0000
0.0000
0.0000
0.0000
0.0000
0.0018
0.0115
0.0527
0.2614
0.5271
0.7791
0.5431
0.4279
0.2781
0.4164
0.6701
0.8597
0.9036
0.8988
0.8398
0.7978
0.7359
0.5204
0.3149
0.0253
0.0000
0.0000
0.0000
0.0000
0.0000
0.0000
0.0000
0.0002
0.0030
0.0251
0.1394
0.3940
0.6319
0.6109
0.4913
0.3856
0.4632
0.6481
0.8075
0.7771
0.6829
0.6290
0.6845
0.7497
0.7247
0.4081
0.1691
0.0041
0.0012
0.0002
0.0000
0.0000
0.0000
0.0000
0.0000
0.0002
0.0008
0.0470
0.1968
0.5110
0.5695
0.5349
0.4795
0.5004
0.6179
0.6512
0.6284
0.4684
0.5132
0.5579
0.7290
0.7357
0.6160
0.2773
0.0460
0.0048
0.0023
0.0017
0.0000
0.0000
0.0000
0.0000
0.0000
0.0000
0.0135
0.0942
0.3541
0.4293
0.4703
0.4857
0.5301
0.5705
0.6133
0.5899
0.5494
0.5337
0.5671
0.6776
0.6826
0.5634
0.3463
0.1107
0.0494
0.0053
0.0019
0.0004
0.0000
0.0000
0.0000
0.0000
0.0000
0.0000
0.0266
0.1100
0.3139
0.5026
0.5832
0.5693
0.6662
0.6907
0.7485
0.7388
0.7430
0.7643
0.7245
0.6514
0.5572
0.3361
0.1860
0.0593
0.0194
0.0041
0.0031
0.0002
0.0000
0.0000
0.0000
0.0000
0.0000
0.0000
0.0133
0.0785
0.2891
0.4908
0.6986
0.7916
0.8472
0.9037
0.9223
0.8904
0.7546
0.6372
0.5181
0.3714
0.2619
0.1373
0.0439
0.0155
0.0040
0.0033
0.0026
0.0000
0.0000
0.0000
0.0000
0.0000
0.0000
0.0000
0.0000
0.0194
0.1609
0.3477
0.5166
0.6376
0.7248
0.7506
0.6194
0.5298
0.4128
0.3271
0.2448
0.1471
0.0612
0.0132
0.0023
0.0001
0.0017
0.0026
0.0011
0.0000
0.0000
0.0000
0.0000
0.0000
0.0000
0.0000
0.0000
0.0001
0.0004
0.0008
0.0097
0.0449
0.1077
0.1395
0.1422
0.1403
0.1265
0.0982
0.0359
0.0081
0.0030
0.0004
0.0000
0.0000
0.0000
0.0000
0.0000
0.0000
0.0000
0.0000
0.0000
0.0000
0.0000
0.0000
0.0000
0.0000
0.0000
0.0003
0.0027
0.0098
0.0092
0.0015
0.0020
0.0032
0.0030
0.0013
0.0005
0.0000
0.0000
0.0000
0.0000
0.0000
0.0000
0.0000
0.0000
0.0000
0.0000
0.0000
0.0000
0.0000
0.0000
0.0000
0.0000
0.0000
0.0000
0.0001
0.0003
0.0005
0.0006
0.0007
0.0009
0.0015
0.0014
0.0005
0.0001
0.0000
0.0000
0.0000
0.0000
0.0000
0.0000
0.0000
0.0000
0.0000
0.0000
0.0000
0.0000
0.0000
0.0000
0.0000
0.0000
0.0000
0.0000
0.0000
0.0000
0.0000
0.0000
0.0001
0.0000
0.0000
0.0000
0.0000
0.0000
0.0000
0.0000
0.0000
0.0000
0.0000
0.0000
0.0000
0.0000
0.0000
0.0000
0.0000
0.0000
0.0000
0.0000
0.0000
0.0000
0.0000
0.0000
0.0000
0.0000
0.0000
0.0000
0.0000
0.0000
0.0000
0.0000
0.0000
0.0000
0.0000
0.0000
0.0000
0.0000
0.0000
0.0000
0.0000
0.0000
0.0000
0.0000
0.0000
0.0000
0.0000
0.0000
0.0000
0.0000
0.0000
0.0000
0.0000
0.0000
0.0000
0.0000
0.0000
0.0000
0.0000
0.0000
0.0000
0.0000
0.0000
0.0000
0.0000
0.0000
0.0000
0.0000
0.0000
0.0000
0.0000
0.0000
0.0000
