0.0000
0.0000
0.0000
0.0000
0.0000
0.0000
0.0000
0.0000
0.0000
0.0000
0.0000
0.0000
0.0000
0.0000
0.0000
0.0000
0.0000
0.0000
0.0000
0.0000
0.0000
0.0000
0.0000
0.0000
0.0000
0.0000
0.0000
0.0000
0.0000
0.0000
0.0000
0.0000
0.0000
0.0000
0.0000
0.0000
0.0000
0.0000
0.0000
0.0000
0.0000
0.0000
0.0000
0.0000
0.0000
0.0000
0.0000
0.0000
0.0000
0.0000
0.0000
0.0000
0.0000
0.0000
0.0000
0.0000
0.0000
0.0000
0.0000
0.0000
0.0000
0.0000
0.0000
0.0000
0.0000
0.0000
0.0000
0.0000
0.0000
0.0000
0.0000
0.0000
0.0000
0.0000
0.0000
0.0000
0.0000
0.0000
0.0000
0.0000
0.0000
0.0000
0.0000
0.0000
0.0000
0.0000
0.0000
0.0000
0.0000
0.0000
0.0000
0.0000
0.0000
0.0000
0.0000
0.0000
0.0000
0.0000
0.0000
0.0000
0.0000
0.0000
0.0000
0.0000
0.0000
0.0000
0.0000
0.0000
0.0000
0.0000
0.0000
0.0000
0.0000
0.0000
0.0000
0.0000
0.0000
0.0000
0.0000
0.0000
0.0000
0.0000
0.0000
0.0000
0.0000
0.0000
0.0000
0.0000
0.0000
0.0001
0.0001
0.0004
0.0004
0.0001
0.0000
0.0000
0.0000
0.0000
0.0000
0.0000
0.0000
0.0000
0.0000
0.0000
0.0000
0.0000
0.0000
0.0000
0.0000
0.0000
0.0000
0.0000
0.0000
0.0000
0.0000
0.0026
0.0077
0.0104
0.0105
0.0108
0.0033
0.0006
0.0004
0.0003
0.0000
0.0000
0.0000
0.0000
0.0000
0.0000
0.0000
0.0000
0.0000
0.0000
0.0000
0.0031
0.0000
0.0042
0.0189
0.0302
0.0366
0.0595
0.0907
0.1336
0.1502
0.1869
0.1608
0.1053
0.0940
0.0811
0.0480
0.0012
0.0004
0.0000
0.0000
0.0000
0.0000
0.0000
0.0000
0.0000
0.0000
0.0000
0.0001
0.0007
0.0459
0.1224
0.1516
0.2287
0.3653
0.4211
0.4836
0.5014
0.5718
0.5748
0.5739
0.4466
0.4462
0.3573
0.2640
0.1467
0.0328
0.0004
0.0000
0.0000
0.0000
0.0000
0.0000
0.0000
0.0001
0.0000
0.0092
0.0628
0.1776
0.3038
0.4344
0.5489
0.6485
0.7226
0.7325
0.6650
0.6365
0.6867
0.7615
0.7184
0.6352
0.5322
0.4294
0.2041
0.1158
0.0003
0.0000
0.0000
0.0000
0.0000
0.0000
0.0002
0.0038
0.0563
0.0908
0.2295
0.3541
0.5346
0.6963
0.7634
0.7617
0.7285
0.6868
0.5931
0.5598
0.5735
0.6903
0.6901
0.6661
0.6111
0.4793
0.2393
0.1133
0.0000
0.0000
0.0000
0.0000
0.0000
0.0006
0.0020
0.0490
0.1224
0.1590
0.2696
0.4424
0.6509
0.7274
0.6559
0.5891
0.4761
0.3928
0.3551
0.3402
0.3914
0.5056
0.5650
0.6806
0.6673
0.3940
0.2157
0.0261
0.0000
0.0000
0.0000
0.0000
0.0000
0.0021
0.0019
0.0562
0.0983
0.1672
0.2505
0.4485
0.5117
0.4887
0.3901
0.3063
0.2600
0.1924
0.1348
0.1126
0.2122
0.3877
0.5938
0.7275
0.5491
0.2557
0.0796
0.0000
0.0000
0.0000
0.0000
0.0000
0.0000
0.0004
0.0000
0.0055
0.1059
0.1528
0.2257
0.3997
0.4036
0.3289
0.1891
0.1425
0.0557
0.0261
0.0214
0.0926
0.3686
0.6217
0.7079
0.6703
0.3956
0.1091
0.0085
0.0000
0.0000
0.0000
0.0000
0.0000
0.0000
0.0000
0.0000
0.0005
0.1024
0.1547
0.2419
0.3810
0.3177
0.2276
0.1677
0.0904
0.0645
0.0427
0.0913
0.3224
0.6431
0.8601
0.7743
0.4884
0.1819
0.0232
0.0007
0.0000
0.0000
0.0000
0.0000
0.0000
0.0000
0.0000
0.0000
0.0008
0.0279
0.0716
0.1223
0.1654
0.1786
0.1432
0.1314
0.1348
0.1343
0.1116
0.2498
0.6030
0.8766
0.8481
0.5274
0.2262
0.0662
0.0005
0.0000
0.0000
0.0000
0.0000
0.0000
0.0000
0.0000
0.0000
0.0000
0.0007
0.0165
0.0591
0.0618
0.0596
0.0285
0.0335
0.0349
0.0436
0.0561
0.1832
0.4942
0.8186
0.9012
0.6197
0.2500
0.0512
0.0034
0.0003
0.0000
0.0000
0.0000
0.0000
0.0000
0.0000
0.0000
0.0000
0.0000
0.0006
0.0088
0.0408
0.0520
0.0597
0.0501
0.0562
0.0574
0.0641
0.1668
0.4404
0.7745
0.9120
0.7212
0.2655
0.0493
0.0017
0.0003
0.0000
0.0000
0.0000
0.0000
0.0000
0.0000
0.0000
0.0000
0.0000
0.0000
0.0005
0.0008
0.0175
0.0412
0.0548
0.0561
0.0564
0.0661
0.1587
0.4472
0.7518
0.9123
0.7454
0.3637
0.0617
0.0064
0.0005
0.0000
0.0000
0.0000
0.0000
0.0000
0.0000
0.0000
0.0000
0.0000
0.0000
0.0000
0.0005
0.0006
0.0017
0.0132
0.0246
0.0385
0.0549
0.1735
0.3774
0.6687
0.8799
0.7427
0.4081
0.1049
0.0254
0.0005
0.0000
0.0000
0.0000
0.0000
0.0000
0.0000
0.0000
0.0000
0.0000
0.0000
0.0000
0.0000
0.0004
0.0005
0.0005
0.0009
0.0034
0.0303
0.1791
0.3332
0.6103
0.8293
0.7318
0.4179
0.1317
0.0527
0.0062
0.0001
0.0000
0.0000
0.0000
0.0000
0.0000
0.0000
0.0000
0.0000
0.0000
0.0000
0.0000
0.0000
0.0001
0.0004
0.0005
0.0040
0.0519
0.1778
0.3175
0.5837
0.7413
0.6838
0.4538
0.1902
0.0822
0.0276
0.0002
0.0000
0.0000
0.0000
0.0000
0.0000
0.0000
0.0000
0.0000
0.0000
0.0000
0.0000
0.0000
0.0000
0.0000
0.0000
0.0001
0.0741
0.2100
0.3202
0.5541
0.6270
0.6086
0.4612
0.2553
0.1029
0.0581
0.0076
0.0000
0.0000
0.0000
0.0000
0.0000
0.0000
0.0000
0.0000
0.0000
0.0000
0.0000
0.0000
0.0000
0.0000
0.0000
0.0000
0.0418
0.1589
0.3462
0.5358
0.5990
0.5630
0.4416
0.3519
0.1663
0.0944
0.0376
0.0031
0.0000
0.0000
0.0006
0.0000
0.0000
0.0000
0.0000
0.0000
0.0000
0.0000
0.0000
0.0000
0.0000
0.0000
0.0000
0.0264
0.1494
0.2999
0.4895
0.5490
0.4824
0.4536
0.3696
0.2485
0.1441
0.0884
0.0215
0.0000
0.0000
0.0000
0.0016
0.0000
0.0000
0.0000
0.0000
0.0000
0.0000
0.0000
0.0000
0.0000
0.0000
0.0000
0.0000
0.1335
0.3418
0.4726
0.4685
0.4045
0.3891
0.3482
0.3088
0.1908
0.1077
0.0616
0.0159
0.0020
0.0000
0.0000
0.0016
0.0000
0.0000
0.0000
0.0000
0.0000
0.0000
0.0000
0.0000
0.0000
0.0000
0.0000
0.0114
0.2108
0.4000
0.4539
0.2985
0.3442
0.3355
0.2847
0.1999
0.1121
0.0530
0.0365
0.0212
0.0020
0.0000
0.0000
0.0006
0.0000
0.0000
0.0000
0.0000
0.0000
0.0000
0.0000
0.0000
0.0000
0.0000
0.0000
0.0287
0.1411
0.2390
0.2545
0.1616
0.1544
0.1884
0.1663
0.1038
0.0181
0.0010
0.0000
0.0000
0.0000
0.0000
0.0000
0.0000
0.0000
0.0000
0.0000
0.0000
0.0000
0.0000
0.0000
0.0000
0.0000
0.0000
0.0000
0.0000
0.0136
0.0388
0.0086
0.0007
0.0000
0.0000
0.0001
0.0000
0.0000
0.0000
0.0000
0.0000
0.0000
0.0000
0.0000
0.0000
0.0000
0.0000
0.0000
0.0000
0.0000
0.0000
0.0000
