0.0000
0.0000
0.0000
0.0000
0.0000
0.0000
0.0000
0.0000
0.0000
0.0000
0.0000
0.0000
0.0000
0.0000
0.0000
0.0000
0.0000
0.0000
0.0000
0.0000
0.0000
0.0000
0.0000
0.0000
0.0000
0.0000
0.0000
0.0000
0.0000
0.0000
0.0000
0.0000
0.0000
0.0000
0.0000
0.0000
0.0000
0.0000
0.0000
0.0000
0.0000
0.0000
0.0000
0.0000
0.0000
0.0000
0.0000
0.0000
0.0000
0.0000
0.0000
0.0000
0.0000
0.0000
0.0000
0.0000
0.0000
0.0000
0.0000
0.0000
0.0000
0.0000
0.0000
0.0000
0.0000
0.0000
0.0000
0.0000
0.0000
0.0000
0.0000
0.0000
0.0000
0.0000
0.0000
0.0000
0.0000
0.0000
0.0000
0.0000
0.0000
0.0000
0.0000
0.0000
0.0000
0.0000
0.0000
0.0000
0.0000
0.0000
0.0000
0.0000
0.0000
0.0000
0.0000
0.0000
0.0000
0.0000
0.0000
0.0000
0.0000
0.0000
0.0000
0.0000
0.0075
0.0311
0.0248
0.0063
0.0000
0.0000
0.0000
0.0000
0.0000
0.0000
0.0000
0.0000
0.0000
0.0000
0.0000
0.0000
0.0000
0.0000
0.0000
0.0000
0.0000
0.0000
0.0024
0.0128
0.0270
0.0587
0.0975
0.1056
0.1935
0.1799
0.0820
0.0106
0.0002
0.0000
0.0000
0.0000
0.0000
0.0000
0.0000
0.0000
0.0000
0.0000
0.0000
0.0000
0.0000
0.0000
0.0000
0.0000
0.0000
0.0000
0.0109
0.0384
0.0670
0.1473
0.2142
0.2559
0.3561
0.3715
0.1680
0.0401
0.0138
0.0070
0.0000
0.0000
0.0000
0.0000
0.0000
0.0000
0.0000
0.0000
0.0000
0.0000
0.0000
0.0000
0.0000
0.0000
0.0000
0.0023
0.0274
0.0613
0.1222
0.1933
0.3150
0.3771
0.4634
0.4266
0.1961
0.1565
0.0953
0.0371
0.0000
0.0000
0.0000
0.0000
0.0000
0.0000
0.0000
0.0002
0.0007
0.0008
0.0006
0.0011
0.0009
0.0015
0.0005
0.0130
0.0531
0.0999
0.1724
0.2584
0.4267
0.5616
0.6259
0.4724
0.2415
0.1787
0.0890
0.0118
0.0000
0.0000
0.0000
0.0000
0.0000
0.0000
0.0000
0.0008
0.0014
0.0022
0.0027
0.0029
0.0034
0.0040
0.0032
0.0303
0.1064
0.1688
0.2964
0.5311
0.6869
0.7113
0.5221
0.2468
0.1137
0.0661
0.0351
0.0330
0.0000
0.0000
0.0000
0.0000
0.0000
0.0000
0.0000
0.0003
0.0023
0.0029
0.0029
0.0038
0.0054
0.0058
0.0150
0.0575
0.1789
0.3188
0.4526
0.7074
0.7224
0.5162
0.2057
0.1246
0.0862
0.0741
0.0574
0.0316
0.0000
0.0000
0.0000
0.0000
0.0000
0.0000
0.0000
0.0000
0.0010
0.0026
0.0028
0.0048
0.0057
0.0076
0.0672
0.2152
0.3437
0.4359
0.7116
0.7086
0.5336
0.2655
0.1101
0.0670
0.0435
0.0381
0.0197
0.0004
0.0004
0.0000
0.0000
0.0000
0.0000
0.0000
0.0000
0.0000
0.0000
0.0015
0.0026
0.0043
0.0142
0.0747
0.2059
0.3140
0.3846
0.5233
0.7112
0.5637
0.2953
0.0768
0.0411
0.0289
0.0263
0.0213
0.0027
0.0009
0.0006
0.0000
0.0000
0.0000
0.0000
0.0000
0.0000
0.0000
0.0000
0.0003
0.0017
0.0149
0.1050
0.1640
0.2045
0.2269
0.4630
0.7153
0.6312
0.3373
0.1204
0.0390
0.0283
0.0098
0.0035
0.0000
0.0000
0.0000
0.0000
0.0000
0.0000
0.0000
0.0000
0.0000
0.0000
0.0000
0.0000
0.0000
0.0017
0.0367
0.1589
0.1860
0.2026
0.3943
0.6989
0.7156
0.5076
0.1543
0.0443
0.0459
0.0227
0.0000
0.0000
0.0001
0.0003
0.0007
0.0010
0.0000
0.0000
0.0000
0.0000
0.0000
0.0000
0.0000
0.0000
0.0000
0.0078
0.0913
0.1454
0.1974
0.3037
0.6889
0.7873
0.5876
0.2372
0.0688
0.0459
0.0313
0.0267
0.0011
0.0013
0.0013
0.0009
0.0004
0.0001
0.0000
0.0000
0.0000
0.0000
0.0000
0.0000
0.0000
0.0000
0.0000
0.0085
0.0718
0.1727
0.2728
0.5538
0.8644
0.7759
0.4173
0.1342
0.0457
0.0569
0.0289
0.0087
0.0007
0.0002
0.0000
0.0000
0.0000
0.0000
0.0000
0.0000
0.0000
0.0000
0.0000
0.0000
0.0000
0.0000
0.0002
0.0108
0.0646
0.1534
0.3503
0.7018
0.7090
0.4752
0.2394
0.1675
0.0890
0.0548
0.0199
0.0015
0.0015
0.0015
0.0017
0.0018
0.0013
0.0000
0.0000
0.0000
0.0000
0.0000
0.0000
0.0153
0.0000
0.0000
0.0078
0.0708
0.1340
0.2797
0.4783
0.6750
0.5263
0.2318
0.2161
0.2436
0.0976
0.0215
0.0021
0.0026
0.0026
0.0026
0.0027
0.0027
0.0006
0.0000
0.0000
0.0000
0.0000
0.0000
0.0000
0.0000
0.0217
0.0636
0.0577
0.1264
0.2456
0.4148
0.5873
0.6036
0.3489
0.1843
0.1973
0.2054
0.0591
0.0030
0.0022
0.0036
0.0022
0.0015
0.0010
0.0005
0.0000
0.0000
0.0000
0.0000
0.0000
0.0000
0.0000
0.0000
0.0703
0.1540
0.1534
0.2501
0.4106
0.5293
0.6349
0.5154
0.2586
0.1560
0.1698
0.1309
0.0163
0.0011
0.0032
0.0033
0.0009
0.0000
0.0000
0.0000
0.0000
0.0000
0.0000
0.0000
0.0000
0.0000
0.0000
0.0000
0.1080
0.2248
0.3118
0.4606
0.4891
0.6508
0.5579
0.3665
0.1852
0.1567
0.1454
0.0553
0.0011
0.0006
0.0024
0.0027
0.0005
0.0000
0.0000
0.0000
0.0000
0.0000
0.0000
0.0000
0.0000
0.0000
0.0000
0.0056
0.0811
0.2483
0.4434
0.4430
0.4705
0.5325
0.3867
0.2292
0.1774
0.1451
0.0625
0.0049
0.0001
0.0000
0.0010
0.0027
0.0006
0.0000
0.0000
0.0000
0.0000
0.0000
0.0000
0.0000
0.0000
0.0000
0.0000
0.0228
0.0771
0.2348
0.4092
0.4189
0.4764
0.4872
0.3569
0.1868
0.1055
0.0405
0.0082
0.0000
0.0000
0.0000
0.0000
0.0006
0.0005
0.0000
0.0000
0.0000
0.0000
0.0000
0.0000
0.0000
0.0000
0.0000
0.0000
0.0217
0.0826
0.2164
0.3227
0.2711
0.3548
0.3880
0.1853
0.0572
0.0165
0.0055
0.0000
0.0000
0.0000
0.0000
0.0000
0.0000
0.0000
0.0000
0.0000
0.0000
0.0000
0.0000
0.0000
0.0000
0.0000
0.0000
0.0000
0.0057
0.0347
0.1040
0.0452
0.0427
0.2038
0.2057
0.0186
0.0035
0.0020
0.0000
0.0000
0.0000
0.0000
0.0000
0.0000
0.0000
0.0000
0.0000
0.0000
0.0000
0.0000
0.0000
0.0000
0.0000
0.0000
0.0000
0.0000
0.0000
0.0000
0.0035
0.0162
0.0278
0.0190
0.0005
0.0001
0.0000
0.0000
0.0000
0.0000
0.0000
0.0000
0.0000
0.0000
0.0000
0.0000
0.0000
0.0000
0.0000
0.0000
0.0000
0.0000
0.0000
0.0000
0.0000
0.0000
0.0000
0.0000
0.0000
0.0000
0.0000
0.0000
0.0000
0.0000
0.0000
0.0000
0.0000
0.0000
0.0000
0.0000
0.0000
0.0000
0.0000
0.0000
0.0000
0.0000
0.0000
0.0000
0.0000
0.0000
0.0000
0.0000
0.0000
0.0000
0.0000
0.0000
0.0000
0.0000
0.0000
0.0000
0.0000
0.0000
0.0000
0.0000
0.0000
0.0000
0.0000
0.0000
0.0000
0.0000
0.0000
0.0000
0.0000
0.0000
0.0000
0.0000
0.0000
0.0000
