0.0000
0.0000
0.0000
0.0000
0.0000
0.0000
0.0000
0.0000
0.0000
0.0000
0.0000
0.0000
0.0000
0.0000
0.0000
0.0000
0.0000
0.0000
0.0000
0.0000
0.0000
0.0000
0.0000
0.0000
0.0000
0.0000
0.0000
0.0000
0.0000
0.0000
0.0000
0.0000
0.0000
0.0000
0.0000
0.0000
0.0000
0.0000
0.0000
0.0000
0.0000
0.0000
0.0000
0.0000
0.0000
0.0000
0.0000
0.0000
0.0000
0.0000
0.0000
0.0000
0.0000
0.0000
0.0000
0.0000
0.0000
0.0000
0.0000
0.0000
0.0000
0.0000
0.0000
0.0000
0.0000
0.0000
0.0000
0.0000
0.0000
0.0000
0.0000
0.0000
0.0000
0.0000
0.0000
0.0000
0.0000
0.0000
0.0000
0.0000
0.0000
0.0000
0.0000
0.0000
0.0000
0.0000
0.0000
0.0000
0.0000
0.0000
0.0000
0.0000
0.0000
0.0000
0.0000
0.0000
0.0001
0.0001
0.0001
0.0002
0.0001
0.0000
0.0000
0.0000
0.0000
0.0000
0.0000
0.0000
0.0000
0.0000
0.0000
0.0000
0.0000
0.0000
0.0000
0.0000
0.0000
0.0000
0.0006
0.0026
0.0047
0.0060
0.0075
0.0089
0.0219
0.0677
0.1429
0.1416
0.1281
0.1432
0.1550
0.1132
0.0768
0.0307
0.0262
0.0234
0.0000
0.0000
0.0000
0.0000
0.0000
0.0000
0.0000
0.0000
0.0000
0.0001
0.0010
0.0052
0.0103
0.0147
0.0412
0.0765
0.2032
0.4247
0.6120
0.7532
0.8377
0.8196
0.6961
0.5429
0.2879
0.1465
0.0715
0.0551
0.0128
0.0000
0.0000
0.0000
0.0000
0.0000
0.0000
0.0000
0.0001
0.0021
0.0028
0.0075
0.0112
0.0467
0.1157
0.3170
0.5724
0.6993
0.8496
0.8600
0.8516
0.8711
0.8244
0.7790
0.5520
0.2655
0.1591
0.0835
0.0218
0.0000
0.0000
0.0000
0.0000
0.0000
0.0000
0.0000
0.0002
0.0025
0.0030
0.0095
0.0143
0.0918
0.2047
0.4226
0.6084
0.6220
0.5990
0.6446
0.6053
0.6239
0.6425
0.6584
0.6896
0.5249
0.2699
0.0677
0.0041
0.0000
0.0000
0.0000
0.0000
0.0000
0.0000
0.0000
0.0000
0.0009
0.0047
0.0241
0.0312
0.1298
0.2088
0.3832
0.5123
0.4128
0.2961
0.3034
0.3253
0.3333
0.2809
0.4826
0.5915
0.6300
0.3553
0.0719
0.0041
0.0000
0.0000
0.0000
0.0000
0.0000
0.0000
0.0000
0.0000
0.0010
0.0046
0.0099
0.0369
0.0796
0.1268
0.2202
0.2636
0.1475
0.1165
0.1628
0.1849
0.2271
0.2900
0.5109
0.6317
0.5252
0.2378
0.0234
0.0004
0.0000
0.0000
0.0000
0.0000
0.0000
0.0000
0.0000
0.0000
0.0002
0.0003
0.0033
0.0126
0.0561
0.1126
0.1824
0.1918
0.1046
0.0743
0.2299
0.3364
0.4618
0.6265
0.7062
0.6357
0.2957
0.0691
0.0000
0.0000
0.0000
0.0000
0.0000
0.0000
0.0000
0.0000
0.0000
0.0000
0.0000
0.0001
0.0004
0.0007
0.0215
0.1124
0.2169
0.3299
0.3528
0.3190
0.5102
0.6472
0.7752
0.7415
0.5575
0.3165
0.0763
0.0134
0.0000
0.0000
0.0000
0.0000
0.0000
0.0000
0.0000
0.0000
0.0000
0.0000
0.0000
0.0000
0.0002
0.0047
0.0606
0.1378
0.4041
0.6846
0.7685
0.8021
0.8282
0.8374
0.7215
0.4574
0.1674
0.0178
0.0005
0.0000
0.0000
0.0000
0.0000
0.0000
0.0000
0.0000
0.0000
0.0000
0.0000
0.0000
0.0000
0.0000
0.0003
0.0450
0.1860
0.3770
0.6938
0.7546
0.8417
0.8660
0.8214
0.8143
0.6299
0.2404
0.0412
0.0018
0.0001
0.0000
0.0000
0.0000
0.0000
0.0000
0.0000
0.0000
0.0000
0.0000
0.0000
0.0000
0.0000
0.0001
0.0197
0.0937
0.2250
0.3698
0.6194
0.6688
0.6663
0.6381
0.6643
0.7143
0.6455
0.3242
0.0695
0.0034
0.0002
0.0000
0.0000
0.0000
0.0000
0.0000
0.0000
0.0000
0.0000
0.0000
0.0000
0.0000
0.0007
0.0012
0.0022
0.0245
0.1557
0.2214
0.2992
0.3531
0.3120
0.2362
0.3208
0.3908
0.5737
0.5522
0.2066
0.0215
0.0005
0.0001
0.0000
0.0000
0.0000
0.0000
0.0000
0.0000
0.0000
0.0000
0.0000
0.0007
0.0236
0.0148
0.0077
0.0451
0.0927
0.1411
0.1870
0.1797
0.1600
0.1124
0.1327
0.4115
0.5289
0.5210
0.3460
0.0490
0.0021
0.0002
0.0000
0.0000
0.0000
0.0000
0.0000
0.0000
0.0000
0.0000
0.0058
0.0367
0.0544
0.0133
0.0218
0.0783
0.1369
0.1485
0.1438
0.0926
0.0432
0.0593
0.1292
0.3920
0.4969
0.5012
0.3770
0.0710
0.0061
0.0004
0.0000
0.0000
0.0000
0.0000
0.0000
0.0000
0.0000
0.0000
0.0298
0.1091
0.0742
0.0578
0.0968
0.1541
0.1706
0.1238
0.0615
0.0142
0.0037
0.0683
0.2427
0.4590
0.5454
0.4997
0.3586
0.0697
0.0052
0.0009
0.0000
0.0000
0.0000
0.0000
0.0000
0.0000
0.0000
0.0000
0.1052
0.2391
0.1942
0.1516
0.2277
0.2047
0.1520
0.0529
0.0132
0.0135
0.0632
0.1818
0.3471
0.5452
0.5662
0.4526
0.2542
0.0392
0.0036
0.0013
0.0000
0.0000
0.0000
0.0000
0.0000
0.0000
0.0000
0.0032
0.1461
0.3651
0.3173
0.2462
0.3309
0.2878
0.1472
0.0842
0.0864
0.1114
0.1669
0.2980
0.4770
0.6374
0.5930
0.3485
0.1009
0.0099
0.0023
0.0013
0.0001
0.0000
0.0000
0.0000
0.0000
0.0000
0.0000
0.0354
0.1426
0.3696
0.4139
0.4915
0.5744
0.5038
0.3919
0.3527
0.3016
0.3636
0.4297
0.5461
0.6775
0.6456
0.3741
0.1460
0.0328
0.0032
0.0016
0.0006
0.0001
0.0000
0.0000
0.0000
0.0000
0.0000
0.0000
0.0248
0.0649
0.2275
0.4443
0.6262
0.8161
0.7702
0.7188
0.6715
0.6435
0.6312
0.6408
0.7239
0.6609
0.4405
0.1670
0.0442
0.0185
0.0017
0.0007
0.0000
0.0000
0.0000
0.0000
0.0000
0.0000
0.0000
0.0000
0.0000
0.0599
0.0931
0.2535
0.4516
0.6148
0.6625
0.6948
0.7498
0.6946
0.7275
0.6885
0.5450
0.2994
0.0929
0.0200
0.0053
0.0017
0.0002
0.0000
0.0000
0.0000
0.0000
0.0000
0.0000
0.0000
0.0000
0.0000
0.0000
0.0103
0.0391
0.0722
0.1413
0.2487
0.3675
0.4789
0.4655
0.4163
0.3434
0.2251
0.0629
0.0215
0.0055
0.0022
0.0005
0.0000
0.0000
0.0000
0.0000
0.0000
0.0000
0.0000
0.0000
0.0000
0.0000
0.0000
0.0000
0.0000
0.0000
0.0000
0.0000
0.0000
0.0000
0.0000
0.0000
0.0000
0.0000
0.0000
0.0000
0.0000
0.0000
0.0000
0.0000
0.0000
0.0000
0.0000
0.0000
0.0000
0.0000
0.0000
0.0000
0.0000
0.0000
0.0000
0.0000
0.0000
0.0000
0.0000
0.0000
0.0000
0.0000
0.0000
0.0000
0.0000
0.0000
0.0000
0.0000
0.0000
0.0000
0.0000
0.0000
0.0000
0.0000
0.0000
0.0000
0.0000
0.0000
0.0000
0.0000
0.0000
0.0000
0.0000
0.0000
0.0000
0.0000
0.0000
0.0000
0.0000
0.0000
0.0000
0.0000
0.0000
0.0000
0.0000
0.0000
0.0000
0.0000
0.0000
0.0000
0.0000
0.0000
0.0000
0.0000
0.0000
0.0000
0.0000
0.0000
0.0000
