0.0000
0.0000
0.0000
0.0000
0.0000
0.0000
0.0000
0.0000
0.0000
0.0000
0.0000
0.0000
0.0000
0.0000
0.0000
0.0000
0.0000
0.0000
0.0000
0.0000
0.0000
0.0000
0.0000
0.0000
0.0000
0.0000
0.0000
0.0000
0.0000
0.0000
0.0000
0.0000
0.0000
0.0000
0.0000
0.0000
0.0000
0.0000
0.0000
0.0000
0.0001
0.0000
0.0000
0.0000
0.0000
0.0000
0.0000
0.0000
0.0000
0.0000
0.0000
0.0000
0.0000
0.0000
0.0000
0.0000
0.0000
0.0000
0.0000
0.0000
0.0000
0.0000
0.0000
0.0000
0.0000
0.0000
0.0000
0.0000
0.0000
0.0000
0.0000
0.0083
0.0055
0.0000
0.0000
0.0000
0.0000
0.0000
0.0000
0.0000
0.0000
0.0000
0.0000
0.0000
0.0000
0.0000
0.0000
0.0000
0.0000
0.0000
0.0000
0.0000
0.0002
0.0033
0.0047
0.0052
0.0077
0.0136
0.0477
0.0920
0.1608
0.1700
0.1683
0.0982
0.0272
0.0195
0.0020
0.0000
0.0000
0.0000
0.0000
0.0000
0.0000
0.0000
0.0000
0.0021
0.0017
0.0000
0.0003
0.0006
0.0029
0.0096
0.0159
0.0224
0.0755
0.1758
0.2996
0.4963
0.5909
0.7099
0.7285
0.6034
0.3472
0.1978
0.0757
0.0070
0.0000
0.0000
0.0000
0.0000
0.0000
0.0000
0.0000
0.0055
0.0044
0.0001
0.0017
0.0070
0.0133
0.0231
0.0331
0.0710
0.2637
0.3612
0.5640
0.6822
0.8181
0.8585
0.8427
0.8062
0.6498
0.3216
0.1852
0.0756
0.0177
0.0000
0.0000
0.0000
0.0000
0.0000
0.0000
0.0000
0.0001
0.0008
0.0032
0.0161
0.0242
0.0336
0.0459
0.1183
0.3095
0.4632
0.6661
0.7923
0.8833
0.8258
0.7510
0.7373
0.7215
0.4615
0.2025
0.1155
0.0290
0.0000
0.0000
0.0000
0.0000
0.0000
0.0000
0.0000
0.0003
0.0015
0.0034
0.0179
0.0293
0.0423
0.0716
0.1535
0.2575
0.4478
0.6435
0.6648
0.6168
0.5698
0.5575
0.5998
0.6786
0.5663
0.2155
0.0815
0.0389
0.0000
0.0000
0.0000
0.0000
0.0000
0.0000
0.0000
0.0004
0.0017
0.0042
0.0151
0.0292
0.0337
0.0733
0.1621
0.2003
0.3598
0.5067
0.5114
0.4735
0.4017
0.3941
0.4826
0.6109
0.6372
0.2846
0.0314
0.0277
0.0000
0.0000
0.0000
0.0000
0.0000
0.0000
0.0000
0.0003
0.0013
0.0029
0.0173
0.0279
0.0280
0.0598
0.1407
0.1814
0.2929
0.3086
0.2670
0.2301
0.2483
0.2882
0.4449
0.6251
0.6779
0.3447
0.0153
0.0000
0.0000
0.0000
0.0000
0.0000
0.0000
0.0000
0.0000
0.0001
0.0006
0.0014
0.0096
0.0151
0.0176
0.0390
0.0830
0.1192
0.1334
0.0986
0.1166
0.1296
0.1824
0.2528
0.4176
0.6257
0.6400
0.3289
0.0058
0.0000
0.0000
0.0000
0.0000
0.0000
0.0000
0.0000
0.0000
0.0002
0.0004
0.0004
0.0006
0.0060
0.0076
0.0053
0.0158
0.0533
0.0378
0.0109
0.0584
0.1286
0.2008
0.3238
0.5038
0.6004
0.5191
0.2103
0.0076
0.0060
0.0000
0.0000
0.0000
0.0000
0.0000
0.0000
0.0000
0.0000
0.0001
0.0001
0.0001
0.0001
0.0005
0.0021
0.0259
0.0702
0.0409
0.0593
0.0974
0.2034
0.3446
0.4887
0.6283
0.6245
0.3637
0.1469
0.0100
0.0088
0.0000
0.0000
0.0000
0.0000
0.0000
0.0000
0.0000
0.0000
0.0000
0.0007
0.0036
0.0074
0.0241
0.0531
0.0707
0.1439
0.1290
0.1368
0.2211
0.3772
0.4958
0.6152
0.6264
0.4408
0.2493
0.0713
0.0024
0.0024
0.0000
0.0000
0.0000
0.0000
0.0000
0.0000
0.0000
0.0000
0.0000
0.0030
0.0183
0.0604
0.1201
0.1439
0.1485
0.1596
0.1950
0.2255
0.3617
0.4971
0.6397
0.6980
0.5685
0.3724
0.2160
0.0373
0.0075
0.0031
0.0034
0.0038
0.0000
0.0000
0.0000
0.0000
0.0000
0.0000
0.0009
0.0807
0.1847
0.2876
0.3563
0.4079
0.3547
0.3258
0.3258
0.3183
0.4525
0.6245
0.7441
0.6106
0.4092
0.2785
0.1065
0.0833
0.0643
0.0122
0.0122
0.0079
0.0000
0.0000
0.0000
0.0000
0.0000
0.0404
0.1250
0.3493
0.5171
0.6313
0.6462
0.6347
0.6486
0.6313
0.5954
0.6593
0.8026
0.8710
0.7276
0.4927
0.2649
0.1426
0.0791
0.0630
0.0552
0.0280
0.0082
0.0063
0.0000
0.0000
0.0000
0.0000
0.0021
0.1309
0.4166
0.6546
0.7377
0.7170
0.6982
0.7592
0.7896
0.8344
0.8902
0.9259
0.9011
0.7871
0.6523
0.4568
0.3381
0.2610
0.1030
0.0954
0.0164
0.0163
0.0083
0.0006
0.0000
0.0000
0.0000
0.0000
0.0647
0.3289
0.6166
0.7482
0.6590
0.6194
0.6886
0.7418
0.8481
0.8705
0.8981
0.8504
0.7672
0.6993
0.5701
0.4574
0.3811
0.2254
0.1207
0.0435
0.0247
0.0175
0.0110
0.0000
0.0000
0.0000
0.0000
0.0000
0.1729
0.4664
0.7415
0.6384
0.6633
0.7475
0.7957
0.8715
0.8895
0.8340
0.7052
0.5797
0.4688
0.4140
0.4126
0.3830
0.2522
0.1606
0.0971
0.0481
0.0342
0.0280
0.0068
0.0000
0.0000
0.0000
0.0000
0.0000
0.2169
0.5396
0.7582
0.8704
0.8798
0.9115
0.8864
0.8059
0.7063
0.5550
0.3688
0.2490
0.1682
0.2091
0.2516
0.2566
0.2380
0.1549
0.1253
0.0653
0.0296
0.0233
0.0009
0.0000
0.0000
0.0000
0.0000
0.0000
0.2270
0.4977
0.6925
0.7951
0.8053
0.7134
0.6214
0.4905
0.3342
0.2385
0.1505
0.0925
0.0591
0.1285
0.2083
0.2299
0.1871
0.0966
0.0443
0.0217
0.0132
0.0098
0.0002
0.0000
0.0000
0.0000
0.0000
0.0000
0.1301
0.1704
0.3041
0.3887
0.3930
0.3264
0.2770
0.2242
0.1632
0.0788
0.0517
0.0285
0.0277
0.0696
0.1336
0.1663
0.1197
0.0678
0.0371
0.0047
0.0016
0.0006
0.0001
0.0000
0.0000
0.0000
0.0000
0.0000
0.0330
0.0565
0.0747
0.0973
0.1246
0.1233
0.1020
0.0475
0.0185
0.0043
0.0035
0.0056
0.0178
0.0441
0.0570
0.0637
0.0408
0.0171
0.0087
0.0002
0.0001
0.0001
0.0000
0.0000
0.0000
0.0000
0.0000
0.0000
0.0000
0.0000
0.0000
0.0000
0.0106
0.0098
0.0042
0.0003
0.0000
0.0000
0.0000
0.0000
0.0000
0.0000
0.0000
0.0000
0.0000
0.0000
0.0000
0.0000
0.0000
0.0000
0.0000
0.0000
0.0000
0.0000
0.0000
0.0000
0.0000
0.0000
0.0000
0.0000
0.0000
0.0000
0.0000
0.0000
0.0000
0.0000
0.0000
0.0000
0.0000
0.0000
0.0000
0.0000
0.0000
0.0000
0.0000
0.0000
0.0000
0.0000
0.0000
0.0000
0.0000
0.0000
0.0000
0.0000
0.0000
0.0000
0.0000
0.0000
0.0000
0.0000
0.0000
0.0000
0.0000
0.0000
0.0000
0.0000
0.0000
0.0000
0.0000
0.0000
0.0000
0.0000
0.0000
0.0000
0.0000
0.0000
0.0000
0.0000
0.0000
0.0000
0.0000
0.0000
0.0000
0.0000
0.0000
0.0000
0.0000
0.0000
0.0000
0.0000
0.0000
0.0000
0.0000
0.0000
0.0000
0.0000
0.0000
0.0000
0.0000
0.0000
0.0000
0.0000
0.0000
0.0000
0.0000
0.0000
0.0000
