0.0000
0.0000
0.0000
0.0000
0.0000
0.0000
0.0000
0.0000
0.0000
0.0000
0.0000
0.0000
0.0000
0.0000
0.0000
0.0000
0.0000
0.0000
0.0000
0.0000
0.0000
0.0000
0.0000
0.0000
0.0000
0.0000
0.0000
0.0000
0.0000
0.0000
0.0000
0.0000
0.0000
0.0000
0.0000
0.0000
0.0000
0.0000
0.0000
0.0000
0.0000
0.0000
0.0000
0.0000
0.0000
0.0000
0.0000
0.0000
0.0000
0.0000
0.0000
0.0000
0.0000
0.0000
0.0000
0.0000
0.0000
0.0000
0.0000
0.0000
0.0000
0.0000
0.0000
0.0000
0.0000
0.0000
0.0000
0.0001
0.0001
0.0000
0.0000
0.0000
0.0000
0.0000
0.0000
0.0000
0.0000
0.0000
0.0000
0.0000
0.0000
0.0000
0.0000
0.0000
0.0000
0.0000
0.0000
0.0000
0.0000
0.0000
0.0000
0.0000
0.0000
0.0000
0.0001
0.0001
0.0001
0.0000
0.0000
0.0000
0.0000
0.0000
0.0000
0.0000
0.0000
0.0000
0.0000
0.0000
0.0000
0.0000
0.0000
0.0000
0.0000
0.0000
0.0000
0.0000
0.0000
0.0002
0.0041
0.0102
0.0366
0.0646
0.0889
0.0834
0.0972
0.1530
0.1274
0.1309
0.0769
0.0696
0.1098
0.1135
0.0842
0.0869
0.0243
0.0000
0.0000
0.0000
0.0000
0.0000
0.0000
0.0000
0.0000
0.0000
0.0025
0.0082
0.0435
0.0939
0.1720
0.2369
0.2761
0.3468
0.3285
0.3891
0.3647
0.3460
0.3014
0.2527
0.2216
0.2258
0.1997
0.1623
0.1386
0.0183
0.0000
0.0000
0.0000
0.0000
0.0000
0.0000
0.0000
0.0000
0.0081
0.0274
0.1076
0.2065
0.2762
0.3905
0.5498
0.6626
0.7163
0.7868
0.7488
0.6881
0.5467
0.4439
0.3984
0.3044
0.2177
0.1766
0.1240
0.0491
0.0183
0.0000
0.0000
0.0000
0.0000
0.0000
0.0000
0.0006
0.0187
0.1023
0.2257
0.2996
0.4640
0.6947
0.7568
0.8282
0.8450
0.8379
0.8100
0.7815
0.7075
0.5822
0.4236
0.3100
0.1784
0.1136
0.0734
0.0622
0.0088
0.0000
0.0000
0.0000
0.0000
0.0000
0.0000
0.0014
0.0402
0.1597
0.3124
0.4086
0.6137
0.7588
0.8095
0.8169
0.7914
0.6684
0.6333
0.7204
0.7598
0.6175
0.4238
0.3420
0.2062
0.1134
0.0736
0.0366
0.0000
0.0000
0.0000
0.0000
0.0000
0.0000
0.0000
0.0027
0.0785
0.2251
0.3940
0.5439
0.6629
0.7592
0.7691
0.6623
0.5396
0.4769
0.5289
0.5571
0.5838
0.5335
0.3690
0.2903
0.1878
0.0610
0.0071
0.0000
0.0000
0.0000
0.0000
0.0000
0.0000
0.0000
0.0000
0.0014
0.0815
0.2766
0.4444
0.4920
0.6025
0.7014
0.5576
0.3665
0.2596
0.2761
0.3504
0.3848
0.4221
0.4471
0.3933
0.3417
0.2298
0.0927
0.0432
0.0001
0.0000
0.0000
0.0029
0.0000
0.0000
0.0000
0.0003
0.0013
0.1490
0.2816
0.4466
0.4508
0.5887
0.5944
0.3862
0.2700
0.2322
0.3340
0.3787
0.4098
0.4970
0.5304
0.4355
0.3554
0.1911
0.0997
0.0649
0.0000
0.0000
0.0000
0.0066
0.0000
0.0000
0.0000
0.0006
0.0013
0.1645
0.2919
0.3945
0.5222
0.6050
0.5385
0.4480
0.3846
0.4228
0.3833
0.4085
0.5231
0.5767
0.5587
0.5056
0.3899
0.1774
0.1033
0.0640
0.0000
0.0000
0.0000
0.0000
0.0000
0.0000
0.0000
0.0007
0.0013
0.1183
0.2908
0.3758
0.5482
0.6406
0.5706
0.5738
0.5721
0.6615
0.6359
0.7166
0.6536
0.6486
0.6050
0.5722
0.4359
0.2334
0.1327
0.0796
0.0000
0.0000
0.0000
0.0000
0.0000
0.0000
0.0000
0.0003
0.0012
0.0921
0.2255
0.3200
0.5202
0.5875
0.5718
0.6307
0.7269
0.9045
0.9228
0.9275
0.8465
0.7547
0.6988
0.6530
0.5679
0.3518
0.2157
0.1020
0.0032
0.0000
0.0000
0.0000
0.0000
0.0000
0.0000
0.0000
0.0034
0.0910
0.1913
0.2305
0.3869
0.4768
0.5527
0.5767
0.6266
0.7581
0.8065
0.8011
0.7619
0.7682
0.7933
0.7793
0.6286
0.4441
0.3298
0.1214
0.0172
0.0000
0.0000
0.0000
0.0000
0.0000
0.0000
0.0000
0.0121
0.0510
0.1115
0.1470
0.2266
0.3104
0.3412
0.4115
0.4203
0.4212
0.4660
0.5279
0.5518
0.6103
0.7447
0.8611
0.7267
0.4766
0.3743
0.2011
0.0422
0.0029
0.0000
0.0000
0.0000
0.0000
0.0000
0.0000
0.0650
0.1035
0.1116
0.1130
0.1248
0.1897
0.2066
0.2201
0.2263
0.2534
0.2406
0.2356
0.3483
0.4235
0.6003
0.7449
0.7149
0.5446
0.4011
0.2425
0.0962
0.0064
0.0000
0.0000
0.0000
0.0000
0.0000
0.0000
0.0583
0.0841
0.0953
0.0773
0.0748
0.1204
0.1504
0.1594
0.0971
0.0917
0.0966
0.0492
0.0544
0.1897
0.5094
0.7041
0.7382
0.6345
0.4334
0.2530
0.1400
0.0177
0.0000
0.0000
0.0000
0.0000
0.0000
0.0000
0.0353
0.0390
0.0154
0.0264
0.0881
0.1698
0.2058
0.2244
0.1802
0.1450
0.1273
0.1103
0.1185
0.2569
0.4995
0.7611
0.7538
0.7249
0.4775
0.2633
0.1233
0.0175
0.0000
0.0000
0.0000
0.0000
0.0000
0.0000
0.0000
0.0000
0.0001
0.0014
0.0805
0.2033
0.2611
0.3203
0.3307
0.3057
0.3155
0.3156
0.3550
0.5835
0.7721
0.9069
0.8239
0.7288
0.4699
0.2205
0.0549
0.0158
0.0000
0.0000
0.0000
0.0000
0.0000
0.0000
0.0000
0.0000
0.0001
0.0004
0.0442
0.2183
0.3324
0.3581
0.4169
0.4996
0.5187
0.5627
0.6169
0.8058
0.9582
0.9266
0.8100
0.6280
0.4262
0.1648
0.0336
0.0039
0.0000
0.0000
0.0000
0.0000
0.0000
0.0000
0.0000
0.0000
0.0004
0.0022
0.0029
0.1105
0.2602
0.3574
0.4749
0.5519
0.5995
0.6282
0.6532
0.8162
0.9283
0.8265
0.7142
0.5314
0.2395
0.0581
0.0116
0.0017
0.0000
0.0000
0.0000
0.0000
0.0000
0.0000
0.0000
0.0000
0.0001
0.0015
0.0022
0.0433
0.1624
0.2657
0.3446
0.4574
0.5134
0.5108
0.5764
0.7124
0.7298
0.6393
0.4810
0.3557
0.1256
0.0133
0.0017
0.0000
0.0000
0.0000
0.0000
0.0000
0.0000
0.0000
0.0000
0.0000
0.0000
0.0005
0.0014
0.0035
0.1074
0.1428
0.2487
0.3099
0.3175
0.2900
0.3282
0.4022
0.3614
0.3146
0.2131
0.1496
0.0301
0.0002
0.0000
0.0000
0.0000
0.0000
0.0000
0.0000
0.0000
0.0000
0.0000
0.0000
0.0000
0.0000
0.0000
0.0000
0.0190
0.0536
0.0570
0.0678
0.0764
0.0543
0.0714
0.1565
0.1211
0.0554
0.0460
0.0331
0.0140
0.0000
0.0000
0.0000
0.0000
0.0000
0.0000
0.0000
0.0000
0.0000
0.0000
0.0000
0.0000
0.0000
0.0000
0.0000
0.0000
0.0000
0.0000
0.0000
0.0000
0.0009
0.0035
0.0039
0.0037
0.0031
0.0011
0.0001
0.0000
0.0000
0.0000
0.0000
0.0000
0.0000
0.0000
0.0000
0.0000
0.0000
0.0000
0.0000
0.0000
0.0000
0.0000
0.0000
0.0000
0.0000
0.0000
0.0000
0.0000
0.0001
0.0002
0.0002
0.0000
0.0000
0.0000
0.0000
0.0000
0.0000
0.0000
0.0000
0.0000
0.0000
0.0000
