0.0000
0.0000
0.0000
0.0000
0.0000
0.0000
0.0000
0.0000
0.0000
0.0000
0.0000
0.0000
0.0000
0.0000
0.0000
0.0000
0.0000
0.0000
0.0000
0.0000
0.0000
0.0000
0.0000
0.0000
0.0000
0.0000
0.0000
0.0000
0.0000
0.0000
0.0000
0.0000
0.0000
0.0000
0.0000
0.0000
0.0000
0.0000
0.0000
0.0000
0.0000
0.0000
0.0000
0.0000
0.0000
0.0000
0.0000
0.0000
0.0000
0.0000
0.0000
0.0000
0.0000
0.0000
0.0000
0.0000
0.0000
0.0000
0.0000
0.0000
0.0000
0.0000
0.0000
0.0000
0.0000
0.0000
0.0000
0.0000
0.0000
0.0000
0.0000
0.0000
0.0000
0.0000
0.0000
0.0000
0.0000
0.0000
0.0000
0.0000
0.0000
0.0000
0.0000
0.0000
0.0000
0.0000
0.0000
0.0000
0.0000
0.0000
0.0000
0.0000
0.0000
0.0000
0.0000
0.0000
0.0000
0.0000
0.0000
0.0000
0.0000
0.0000
0.0000
0.0000
0.0032
0.0027
0.0003
0.0000
0.0000
0.0000
0.0000
0.0000
0.0000
0.0000
0.0000
0.0000
0.0000
0.0000
0.0000
0.0000
0.0000
0.0000
0.0000
0.0000
0.0000
0.0028
0.0160
0.0226
0.0307
0.0363
0.0270
0.0342
0.0528
0.0215
0.0290
0.0353
0.0057
0.0008
0.0000
0.0000
0.0000
0.0000
0.0000
0.0000
0.0000
0.0000
0.0000
0.0000
0.0000
0.0000
0.0000
0.0001
0.0087
0.0304
0.0451
0.0611
0.0750
0.0947
0.1201
0.2256
0.2110
0.2153
0.2148
0.1543
0.0586
0.0103
0.0000
0.0000
0.0000
0.0000
0.0000
0.0000
0.0000
0.0000
0.0000
0.0000
0.0000
0.0000
0.0001
0.0112
0.0329
0.0551
0.0974
0.1748
0.2978
0.4339
0.5145
0.5895
0.3827
0.3385
0.3148
0.2658
0.1653
0.0911
0.0000
0.0000
0.0000
0.0000
0.0000
0.0000
0.0000
0.0000
0.0000
0.0064
0.0000
0.0001
0.0091
0.0408
0.0905
0.2823
0.4396
0.5583
0.6067
0.6210
0.6037
0.6363
0.4398
0.2431
0.2156
0.1646
0.0830
0.0195
0.0000
0.0000
0.0000
0.0000
0.0002
0.0004
0.0000
0.0000
0.0000
0.0000
0.0000
0.0002
0.0563
0.1633
0.4577
0.6150
0.5798
0.4939
0.3910
0.2698
0.2876
0.4052
0.4104
0.2571
0.1587
0.1283
0.0931
0.0730
0.0000
0.0000
0.0000
0.0000
0.0060
0.0115
0.0009
0.0000
0.0000
0.0000
0.0000
0.0287
0.2162
0.5339
0.6271
0.5000
0.3149
0.1539
0.0484
0.0370
0.1523
0.2969
0.3698
0.3290
0.1580
0.1101
0.0929
0.0232
0.0001
0.0001
0.0000
0.0000
0.0000
0.0000
0.0000
0.0000
0.0000
0.0000
0.0212
0.1797
0.4671
0.6482
0.4940
0.2604
0.0552
0.0083
0.0105
0.0840
0.2194
0.3342
0.4284
0.3632
0.1620
0.0911
0.0364
0.0004
0.0001
0.0001
0.0000
0.0000
0.0000
0.0000
0.0000
0.0000
0.0000
0.0000
0.0251
0.2835
0.6182
0.6315
0.3968
0.1064
0.0152
0.0279
0.0624
0.2799
0.4686
0.5296
0.4089
0.2038
0.0898
0.0046
0.0003
0.0002
0.0000
0.0000
0.0000
0.0000
0.0000
0.0000
0.0000
0.0000
0.0000
0.0036
0.0691
0.3895
0.7605
0.6615
0.3614
0.1898
0.1608
0.2206
0.3441
0.5353
0.5991
0.4572
0.2473
0.0583
0.0053
0.0001
0.0000
0.0000
0.0000
0.0000
0.0000
0.0000
0.0000
0.0000
0.0000
0.0000
0.0013
0.0198
0.1304
0.4394
0.6646
0.5910
0.4507
0.3623
0.2770
0.3550
0.5599
0.6052
0.5004
0.2977
0.0942
0.0005
0.0000
0.0000
0.0000
0.0000
0.0000
0.0000
0.0000
0.0000
0.0000
0.0000
0.0000
0.0000
0.0088
0.0453
0.1559
0.3138
0.3736
0.4153
0.3926
0.3290
0.4525
0.6301
0.6927
0.5134
0.2874
0.1338
0.0552
0.0051
0.0000
0.0000
0.0000
0.0000
0.0000
0.0000
0.0000
0.0000
0.0000
0.0000
0.0000
0.0021
0.0551
0.0864
0.1656
0.1403
0.1502
0.1959
0.2588
0.3370
0.4090
0.5724
0.5884
0.5300
0.2534
0.0862
0.0171
0.0000
0.0000
0.0000
0.0000
0.0000
0.0000
0.0000
0.0000
0.0000
0.0000
0.0000
0.0001
0.0160
0.1128
0.1474
0.1384
0.0843
0.1213
0.1840
0.3385
0.3727
0.3780
0.4550
0.4906
0.4136
0.2215
0.0531
0.0065
0.0000
0.0000
0.0000
0.0000
0.0000
0.0000
0.0000
0.0000
0.0000
0.0000
0.0000
0.0011
0.0340
0.1565
0.1257
0.1387
0.1607
0.2678
0.3680
0.3932
0.3705
0.4794
0.4647
0.3045
0.2436
0.1992
0.0239
0.0000
0.0000
0.0000
0.0000
0.0000
0.0000
0.0000
0.0000
0.0000
0.0000
0.0000
0.0000
0.0066
0.0238
0.1450
0.0559
0.0834
0.2006
0.2989
0.3675
0.2908
0.3849
0.5368
0.3641
0.1588
0.2014
0.1681
0.0076
0.0000
0.0000
0.0000
0.0000
0.0000
0.0000
0.0000
0.0000
0.0000
0.0000
0.0000
0.0000
0.0115
0.0208
0.1298
0.1521
0.1787
0.2131
0.2434
0.2844
0.3267
0.3955
0.4257
0.3307
0.2318
0.2004
0.0748
0.0000
0.0000
0.0000
0.0000
0.0000
0.0000
0.0000
0.0000
0.0000
0.0000
0.0000
0.0000
0.0000
0.0046
0.0124
0.0979
0.2314
0.3275
0.3528
0.3322
0.4450
0.5003
0.4820
0.3341
0.2883
0.1460
0.0970
0.0270
0.0000
0.0000
0.0000
0.0000
0.0009
0.0000
0.0000
0.0000
0.0000
0.0000
0.0000
0.0000
0.0000
0.0000
0.0090
0.0741
0.2041
0.2989
0.2610
0.2963
0.4747
0.4687
0.2236
0.1861
0.1412
0.1185
0.0922
0.0141
0.0000
0.0000
0.0000
0.0000
0.0000
0.0000
0.0000
0.0000
0.0000
0.0000
0.0000
0.0000
0.0000
0.0000
0.0695
0.1313
0.2486
0.2554
0.1997
0.2994
0.5038
0.3038
0.1875
0.1672
0.1607
0.1246
0.0707
0.0053
0.0000
0.0000
0.0000
0.0000
0.0000
0.0000
0.0000
0.0000
0.0000
0.0000
0.0000
0.0000
0.0000
0.0000
0.0407
0.1134
0.3111
0.3830
0.4596
0.5291
0.5154
0.2646
0.2296
0.1692
0.1588
0.0879
0.0241
0.0000
0.0000
0.0000
0.0000
0.0000
0.0000
0.0000
0.0000
0.0000
0.0000
0.0000
0.0000
0.0000
0.0000
0.0000
0.0013
0.0070
0.1552
0.4289
0.4983
0.4123
0.2601
0.1833
0.1715
0.1404
0.0568
0.0028
0.0002
0.0000
0.0000
0.0000
0.0000
0.0000
0.0000
0.0000
0.0000
0.0000
0.0000
0.0000
0.0000
0.0000
0.0000
0.0000
0.0032
0.0115
0.0910
0.2089
0.1521
0.0826
0.0468
0.0356
0.0223
0.0033
0.0000
0.0000
0.0000
0.0000
0.0000
0.0000
0.0000
0.0000
0.0000
0.0000
0.0000
0.0000
0.0000
0.0000
0.0000
0.0000
0.0000
0.0000
0.0000
0.0028
0.0087
0.0143
0.0248
0.0130
0.0026
0.0057
0.0047
0.0010
0.0000
0.0000
0.0000
0.0000
0.0000
0.0000
0.0000
0.0000
0.0000
0.0000
0.0000
0.0000
0.0000
0.0000
0.0000
0.0000
0.0000
0.0000
0.0000
0.0000
0.0000
0.0000
0.0000
0.0000
0.0000
0.0000
0.0000
0.0000
0.0000
0.0000
0.0000
0.0000
0.0000
0.0000
0.0000
0.0000
0.0000
0.0000
0.0000
0.0000
0.0000
