0.0000
0.0000
0.0000
0.0000
0.0000
0.0000
0.0000
0.0000
0.0000
0.0000
0.0000
0.0000
0.0000
0.0000
0.0000
0.0000
0.0000
0.0000
0.0000
0.0000
0.0000
0.0000
0.0000
0.0000
0.0000
0.0000
0.0000
0.0000
0.0000
0.0000
0.0000
0.0000
0.0000
0.0000
0.0000
0.0000
0.0000
0.0000
0.0000
0.0000
0.0000
0.0000
0.0000
0.0000
0.0000
0.0000
0.0000
0.0000
0.0000
0.0000
0.0000
0.0000
0.0000
0.0000
0.0000
0.0000
0.0000
0.0000
0.0000
0.0000
0.0000
0.0000
0.0000
0.0000
0.0000
0.0000
0.0000
0.0000
0.0000
0.0000
0.0000
0.0000
0.0000
0.0000
0.0000
0.0000
0.0000
0.0000
0.0000
0.0000
0.0000
0.0000
0.0000
0.0000
0.0000
0.0000
0.0000
0.0000
0.0000
0.0000
0.0000
0.0000
0.0000
0.0000
0.0000
0.0000
0.0000
0.0364
0.0914
0.1512
0.1442
0.1225
0.1205
0.0867
0.0420
0.0018
0.0000
0.0000
0.0000
0.0000
0.0000
0.0000
0.0000
0.0000
0.0000
0.0000
0.0000
0.0000
0.0000
0.0000
0.0000
0.0000
0.0000
0.0000
0.0000
0.0475
0.1871
0.2787
0.3614
0.4687
0.5006
0.4670
0.3330
0.1031
0.0395
0.0039
0.0005
0.0002
0.0000
0.0000
0.0000
0.0000
0.0000
0.0000
0.0000
0.0000
0.0000
0.0000
0.0000
0.0000
0.0000
0.0002
0.0051
0.0838
0.1739
0.3714
0.5431
0.6882
0.7120
0.7622
0.6964
0.4596
0.2274
0.0397
0.0029
0.0013
0.0000
0.0000
0.0000
0.0000
0.0000
0.0000
0.0000
0.0000
0.0000
0.0000
0.0000
0.0000
0.0000
0.0023
0.0465
0.1287
0.1872
0.4465
0.6200
0.7056
0.6941
0.8019
0.8027
0.6173
0.4264
0.1670
0.0025
0.0008
0.0000
0.0000
0.0000
0.0000
0.0000
0.0000
0.0000
0.0000
0.0000
0.0000
0.0000
0.0000
0.0052
0.0269
0.0754
0.1647
0.3365
0.6366
0.6885
0.7129
0.7042
0.7695
0.8484
0.6280
0.4683
0.2636
0.0079
0.0025
0.0000
0.0000
0.0000
0.0000
0.0023
0.0028
0.0000
0.0000
0.0000
0.0000
0.0005
0.0033
0.0121
0.0536
0.1428
0.3761
0.6385
0.7077
0.7383
0.7052
0.6392
0.6909
0.7016
0.6095
0.4828
0.3645
0.0064
0.0001
0.0000
0.0000
0.0000
0.0000
0.0009
0.0012
0.0000
0.0000
0.0000
0.0007
0.0042
0.0079
0.0411
0.1502
0.3734
0.6961
0.8351
0.8405
0.6362
0.4742
0.4399
0.4375
0.5106
0.4862
0.4607
0.2987
0.0038
0.0000
0.0000
0.0000
0.0000
0.0000
0.0000
0.0000
0.0000
0.0000
0.0000
0.0013
0.0099
0.0510
0.1592
0.4507
0.7042
0.9054
0.8671
0.5971
0.3935
0.2778
0.2459
0.3051
0.4181
0.4699
0.4929
0.3581
0.0035
0.0000
0.0000
0.0000
0.0000
0.0000
0.0000
0.0000
0.0000
0.0000
0.0000
0.0055
0.0962
0.2406
0.4354
0.7400
0.8500
0.8495
0.5426
0.3232
0.2274
0.1677
0.1864
0.3032
0.5030
0.5027
0.5315
0.3206
0.0027
0.0000
0.0000
0.0000
0.0000
0.0000
0.0000
0.0000
0.0000
0.0000
0.0001
0.0408
0.2190
0.4301
0.7507
0.8057
0.7220
0.4777
0.2293
0.1490
0.1282
0.1148
0.2452
0.4176
0.5093
0.5698
0.4602
0.2207
0.0017
0.0000
0.0000
0.0000
0.0000
0.0000
0.0000
0.0000
0.0000
0.0018
0.0501
0.1494
0.3484
0.6139
0.7186
0.5989
0.3837
0.1467
0.0288
0.0161
0.0332
0.0631
0.2893
0.5149
0.6295
0.5911
0.3877
0.1022
0.0011
0.0000
0.0000
0.0000
0.0000
0.0000
0.0000
0.0000
0.0002
0.0302
0.1263
0.3038
0.5820
0.6818
0.6204
0.3564
0.1349
0.0210
0.0160
0.0162
0.0328
0.0860
0.3612
0.5395
0.7179
0.5488
0.2964
0.0379
0.0030
0.0000
0.0000
0.0000
0.0000
0.0000
0.0000
0.0000
0.0305
0.1387
0.2655
0.5657
0.6405
0.5999
0.4098
0.1316
0.0256
0.0111
0.0100
0.0145
0.0419
0.1909
0.4425
0.7622
0.7233
0.4840
0.1694
0.0243
0.0003
0.0000
0.0000
0.0000
0.0000
0.0000
0.0000
0.0218
0.1620
0.3325
0.5405
0.6006
0.5549
0.4374
0.2006
0.0428
0.0047
0.0058
0.0069
0.0339
0.1878
0.4713
0.6642
0.7013
0.6440
0.3146
0.0776
0.0163
0.0000
0.0000
0.0000
0.0000
0.0000
0.0000
0.0000
0.0508
0.2629
0.4870
0.5624
0.5810
0.4773
0.2704
0.0670
0.0108
0.0002
0.0104
0.0781
0.1948
0.3861
0.6792
0.6599
0.6174
0.4863
0.1375
0.0412
0.0063
0.0000
0.0000
0.0000
0.0000
0.0000
0.0000
0.0000
0.0642
0.3681
0.6050
0.5661
0.4995
0.3965
0.1114
0.0396
0.0095
0.0340
0.1170
0.2721
0.5150
0.6868
0.7107
0.5997
0.4722
0.2926
0.0575
0.0280
0.0063
0.0000
0.0000
0.0000
0.0000
0.0000
0.0000
0.0424
0.1228
0.5144
0.6976
0.6526
0.4724
0.2709
0.1464
0.1313
0.2301
0.3232
0.5499
0.6607
0.7442
0.7389
0.6305
0.4755
0.2774
0.1191
0.0314
0.0184
0.0024
0.0000
0.0000
0.0000
0.0000
0.0000
0.0000
0.0723
0.1320
0.5232
0.7602
0.8710
0.7464
0.5882
0.5766
0.6104
0.7307
0.7509
0.8638
0.8639
0.7606
0.6156
0.4267
0.2496
0.0917
0.0300
0.0190
0.0020
0.0000
0.0000
0.0000
0.0000
0.0000
0.0000
0.0000
0.0251
0.0699
0.4650
0.7254
0.8541
0.8799
0.8577
0.8565
0.8881
0.8768
0.8505
0.7620
0.6206
0.4653
0.3242
0.1806
0.0765
0.0224
0.0203
0.0000
0.0000
0.0000
0.0000
0.0000
0.0000
0.0000
0.0000
0.0000
0.0000
0.0028
0.2195
0.4579
0.6619
0.7926
0.8315
0.8359
0.7703
0.6847
0.5350
0.4071
0.2947
0.1779
0.1012
0.0233
0.0106
0.0027
0.0019
0.0000
0.0092
0.0000
0.0000
0.0000
0.0000
0.0000
0.0000
0.0000
0.0000
0.0000
0.0159
0.1492
0.2429
0.3046
0.4100
0.3903
0.3054
0.2149
0.1470
0.1043
0.0344
0.0142
0.0102
0.0032
0.0018
0.0006
0.0000
0.0000
0.0000
0.0000
0.0000
0.0000
0.0000
0.0000
0.0000
0.0000
0.0000
0.0000
0.0000
0.0004
0.0041
0.0103
0.0169
0.0232
0.0220
0.0143
0.0106
0.0039
0.0013
0.0000
0.0000
0.0000
0.0000
0.0000
0.0000
0.0000
0.0000
0.0000
0.0000
0.0000
0.0000
0.0000
0.0000
0.0000
0.0000
0.0000
0.0000
0.0000
0.0000
0.0001
0.0002
0.0002
0.0001
0.0001
0.0000
0.0000
0.0000
0.0000
0.0000
0.0000
0.0000
0.0000
0.0000
0.0000
0.0000
0.0000
0.0000
0.0000
0.0000
0.0000
0.0000
0.0000
0.0000
0.0000
0.0000
0.0000
0.0000
0.0000
0.0000
0.0000
0.0000
0.0000
0.0000
0.0000
0.0000
0.0000
0.0000
0.0000
0.0000
0.0000
0.0000
0.0000
0.0000
0.0000
0.0000
0.0000
0.0000
0.0000
0.0000
0.0000
0.0000
0.0000
0.0000
0.0000
0.0000
0.0000
0.0000
0.0000
0.0000
0.0000
0.0000
0.0000
0.0000
0.0000
0.0000
0.0000
0.0000
0.0000
0.0000
0.0000
0.0000
0.0000
0.0000
0.0000
0.0000
0.0000
