0.1067
0.9543
-0.3240
-0.6332
-0.5036
-0.9150
-0.5542
-0.7782
-0.2005
0.3909
-0.4348
-0.0235
-0.8813
-0.1617
-0.2868
0.7107
0.8147
-0.5377
-0.0933
0.6694
-0.3634
-0.3842
-0.6558
0.5829
-0.1059
-0.2932
-0.6849
-0.0700
0.5244
0.0489
0.0017
-0.9551
0.0574
0.1385
0.7130
0.4287
-3.2545
-3.1486
-0.5039
-0.1435
0.2144
0.6209
1.3084
1.8214
-2.3218
-0.4458
-0.3358
0.0351
-0.7736
0.8373
-0.7753
0.1774
-0.7959
0.8299
0.7492
0.7217
-0.0735
0.5426
0.1310
-0.1391
-0.0076
0.3777
-0.6385
-1.6883
-5.1761
-7.0847
-7.0481
-4.5771
0.0746
6.5085
0.3840
10.8098
8.0770
-3.1707
-7.9279
0.1961
-0.8422
0.7161
-0.7892
-1.9824
-2.1222
0.0452
0.6616
0.6357
-0.2675
0.0285
-0.9540
0.1698
-0.9637
-0.5665
0.8085
-4.6950
-9.6378
-15.9021
-25.8768
-44.9882
-29.9084
-13.9516
-18.9189
-3.3776
11.6862
-4.5329
-14.1658
-11.9999
-8.3938
-4.7719
-8.4007
-10.5336
-7.0844
-0.6206
0.1373
0.1390
0.9918
0.7273
0.8306
-0.1986
1.4121
6.3352
1.8267
-4.8513
-6.9836
-25.5179
-23.0053
-23.7772
-22.4537
-1.5224
6.8789
-9.6016
-10.5901
-22.5787
-22.3170
-7.5639
-13.6951
2.8696
-4.5736
-3.7533
-11.7577
-4.5979
-1.1614
-0.5767
-0.7185
0.7381
0.3562
-0.6610
2.2166
9.0050
3.1723
-7.3171
-19.6633
-28.8550
-27.2857
-28.9474
-19.5232
-4.6458
0.4832
-0.9327
-15.1144
-17.2104
-0.3289
20.3915
3.4328
15.6969
8.7239
7.1394
2.8118
-16.8481
-4.3277
-0.8676
0.1617
0.5280
-0.6780
0.0951
-3.1873
-9.6442
-6.1095
-15.3348
-16.8694
-24.4102
-7.4053
-3.7816
-18.4364
-13.8384
-24.0235
-11.6094
-4.5428
-17.3063
0.9700
-11.7449
-1.8288
-8.4351
-5.8286
-8.4198
-20.0003
-22.6001
-2.0331
0.9216
0.1274
0.1650
0.5630
-0.1287
-0.9775
-14.5362
-30.0324
-13.3240
-25.4594
-11.2878
-6.5316
-18.9846
-1.4971
-12.3693
-3.5904
-32.6511
-1.0435
0.6323
-17.8151
-2.8225
12.4371
1.9372
2.4774
-18.8005
-29.9754
-14.5161
-0.8412
-0.6278
-0.4805
0.8461
-0.9516
-0.6135
-3.6568
-15.7488
-24.6397
-16.2495
-24.2545
-25.5904
-5.3689
-17.8659
1.1666
-4.1087
-3.2968
-6.6345
-21.9276
4.1082
-16.6460
-3.7720
-0.2288
-4.1721
-6.2064
-31.2292
-31.2823
-17.4860
-0.9132
-0.7839
0.1979
-0.6215
-0.5622
-0.3475
-7.0327
-19.6662
-23.5210
-11.7279
-19.5317
-24.2148
-6.9871
-2.3778
-5.0472
-3.1964
14.7815
12.6131
-9.8199
-5.1592
-19.7160
-26.5397
-7.2296
-0.6649
-11.4622
-15.4287
-11.1322
-10.0750
-1.0063
0.3055
-0.4981
-0.9843
-0.2481
-2.6207
-8.9524
-18.1971
-31.9646
-18.8999
-1.8881
-13.9716
-5.5639
-3.3920
4.0656
8.7191
21.2481
25.3897
11.1940
-3.0349
-23.5105
-21.5858
-14.4719
-10.5219
-13.8149
-17.9176
-21.3381
-13.0652
-5.7462
-0.2358
-0.1169
-0.8665
0.2989
-1.7409
-8.6590
-16.3400
-26.1084
-17.0846
-11.5267
-21.8113
-17.1014
3.5435
-8.9313
-2.1022
26.3093
23.5937
11.7186
1.6822
-8.3516
-18.4542
-11.1405
-8.5824
-9.2528
-7.3677
-11.3416
-3.7829
-1.8460
0.4126
0.8416
-0.6826
-0.0910
0.6343
-1.2710
-7.1412
-2.1966
-1.5560
-7.2637
-7.6964
-15.2942
-3.1584
-4.5730
4.4405
39.3687
32.2111
4.7563
-3.5609
5.6875
-12.2774
-14.1960
-4.7221
-4.4660
-6.4553
-8.4299
-6.4685
-2.6020
-0.7573
-0.8080
-0.1632
-1.0683
0.0152
2.5619
-1.2368
2.9232
-3.3127
-0.0937
0.3478
-24.5031
-44.9126
-0.4614
12.0236
18.9852
19.1140
7.7511
8.6241
-14.3336
-23.0795
-15.1800
-7.1411
-9.5527
-8.1779
-7.1915
-3.3906
-2.3151
-0.7042
0.2261
-0.5010
0.4011
1.1870
3.3661
-0.0936
-4.9065
-12.4396
-1.4348
-6.0610
-45.9812
-27.7869
3.4323
8.1830
9.6396
15.5265
8.8318
-6.7589
-32.9459
-23.7648
-6.3523
-8.1742
-5.2873
-2.1534
-2.1756
-0.1852
-0.5314
0.2790
0.2094
-0.9948
0.0989
-0.0355
0.6168
-4.5850
-10.0984
-13.2541
-2.3977
-16.1087
-42.2214
8.1511
8.1062
16.4105
11.5239
-3.3330
17.5898
-17.8958
-35.7648
-35.5736
-15.1167
-10.2735
-8.0370
-4.8273
-4.2212
-0.1161
-0.1046
0.8299
0.1986
0.9013
-0.4213
-0.9020
-2.7131
-6.8779
-14.7361
-22.9808
-31.5825
-5.6205
-0.7603
1.0979
-4.5436
2.7945
12.2012
-18.9279
-0.8603
-32.6190
-29.4091
-26.2157
-10.2433
-7.2363
-4.3722
-7.3128
0.0723
-4.3398
1.8292
-0.1775
0.7556
0.4693
-0.4886
-0.0947
-4.4536
-15.9766
-29.5268
-23.7374
-11.5169
-24.8463
-0.0192
-19.4614
20.8958
25.6747
28.5198
6.5579
-25.4016
-38.6176
-8.2820
-4.7833
-8.8091
-8.4725
-4.5795
-8.2872
-5.0421
-10.6021
1.0451
-0.9872
-0.5509
-0.3353
0.0536
-0.8927
-4.1561
-26.0282
-53.8586
-9.8588
5.3049
-8.8370
-11.0021
1.6916
1.3878
11.3112
18.8302
-1.1815
-31.0326
-6.2151
14.6901
13.6638
0.6462
-7.2793
-15.1306
-11.6985
-2.4386
2.9525
4.0002
0.9342
-0.5093
0.4433
0.9391
-0.6059
-6.5391
-24.5265
-25.8319
-1.1899
-1.8522
1.7514
-5.5311
-12.8225
-2.4820
-0.3702
-8.2948
-2.6929
16.7744
-7.4861
7.2704
3.3886
-1.5182
-11.0682
-24.1844
-10.3806
-1.9550
7.6013
2.0125
0.5481
0.0446
0.1388
-0.3792
-3.9468
-5.0686
-15.2455
4.7691
-12.7182
10.1528
-0.4186
5.1073
16.4954
12.8640
8.0839
-0.5376
-11.4175
9.8624
9.6198
10.8550
8.5042
5.9719
1.7199
-14.3815
-16.5566
-4.5092
-3.1266
3.4862
-0.3929
0.3483
-0.7069
-1.6353
1.2035
9.2477
15.7405
8.7168
1.5204
5.2640
-5.1468
16.7928
-6.0814
-24.0496
-6.7695
10.1948
0.3483
-1.6013
-14.7870
11.3239
-6.3348
6.5121
16.2387
-15.1949
-14.0854
-2.7886
2.2733
0.2219
0.0774
-0.4646
-0.9951
-2.4004
-0.1675
5.6334
37.6878
4.2662
0.8340
-1.2818
11.4928
-16.4686
-7.5825
-31.9314
-12.9015
2.7489
-4.7733
1.7718
13.3108
32.7228
9.3827
5.5116
-0.9575
-16.1473
-6.0811
3.8035
1.6535
1.1351
-0.8084
-0.7804
-0.7978
0.3168
-4.1622
-2.0096
16.0865
10.8625
-2.4399
-5.6236
-9.5951
-7.9220
-2.1259
10.4872
-0.3479
-23.8589
6.6241
10.1163
15.0578
1.5666
-13.9430
-17.2296
-16.9678
-12.0354
-5.6683
0.8545
-0.7377
2.7559
-0.6910
-0.1641
-0.3459
0.1370
-2.6458
-5.7010
-5.3018
1.2630
1.1564
-14.8701
-18.6587
-28.7002
-26.8745
-32.2640
-36.7484
-25.0567
-30.3968
-43.2262
-15.5558
-4.5227
-1.1921
-5.7769
-6.8947
-6.0491
-0.8849
0.9022
0.3608
-0.4249
-0.3519
-0.6634
0.3613
0.8559
-0.1225
-4.2020
-5.8098
-13.3149
-26.7564
-30.8075
-39.7589
-61.0250
-48.2278
-46.6287
-45.0843
-41.7009
-40.7728
-30.2038
-26.2660
-17.0679
-9.8571
-7.2934
-1.7931
-0.4624
-0.5447
-0.3737
-0.9151
0.9788
-0.5962
0.5238
0.9019
0.7398
0.0988
-2.5387
-2.2588
-5.5772
-7.7368
-6.3210
-6.9910
-14.6310
-17.5825
-20.8870
-21.8362
-17.7453
-12.3592
-12.7210
-8.7021
-9.5832
-2.8099
-0.8198
0.4406
0.4793
-0.5698
-0.6057
-0.6675
0.9521
-0.8310
-0.7420
0.5313
0.2896
0.1984
0.9783
-0.0086
0.9066
0.6354
0.7597
0.2719
-0.6635
-2.4932
0.7147
0.4199
-0.9288
-0.6974
-0.6039
-0.9519
-2.0119
0.6863
-0.8559
-0.0971
-0.0339
-0.5090
0.8216
-0.1037
-0.2607
0.8230
