0.5365
0.5781
0.0753
0.5836
-0.9711
-0.8754
-0.2871
-0.3796
0.2356
-0.4172
0.5093
-0.5659
0.1646
0.7381
-0.8192
-0.9650
0.2470
0.5551
0.3766
-0.6924
-0.5509
-0.6767
-0.9780
0.0274
-0.8594
-0.5678
0.2898
-0.8598
0.1143
-0.4666
0.2584
-0.9451
0.2472
0.2488
0.4221
0.1169
0.5529
0.0987
0.0957
0.7841
-0.6446
0.0536
0.5165
0.7224
0.5046
0.7823
0.9522
-0.3634
0.3340
-0.2651
-0.8240
0.8696
-0.5058
0.6094
0.0897
-0.1292
-0.0642
-0.6214
-0.5646
-0.7633
0.4850
0.5849
-0.7000
-0.9951
0.5155
-0.1693
0.8885
-0.4930
0.6858
0.6335
-0.2993
0.6102
0.1034
-0.0588
-0.0135
0.3585
-0.5754
0.0434
-0.6023
-0.1888
0.3738
0.9295
0.1108
-0.4041
-0.8102
-0.6245
-0.5691
0.3984
0.3217
0.3451
-0.5584
0.5943
-0.6166
0.9084
-0.9795
0.3108
0.7700
-0.8643
0.6478
-0.3195
-0.0566
0.8965
0.4424
0.3344
0.4482
0.8059
0.4198
-0.5208
-0.8521
-0.8934
-0.7611
0.9032
0.9170
-0.7996
0.5728
0.6007
-0.0563
0.1808
0.1776
0.0001
-0.5642
-0.6158
0.7956
0.5197
0.1024
-0.1368
0.8640
0.2668
-0.6329
-0.5992
-0.2734
0.7525
-0.8140
0.1970
-0.8066
0.5827
-0.0166
0.0466
-0.6461
-0.8483
0.2422
0.4402
0.6862
-0.9520
0.4013
-0.5049
0.7163
0.1558
-0.6097
0.0748
-0.5128
0.9699
-0.3453
0.1584
-0.6042
0.9644
-0.7710
-0.8182
0.1505
-0.8568
0.8817
-0.6017
0.8742
-0.1436
0.5212
0.5523
0.0053
-0.1790
-0.6731
-0.5093
-0.8372
0.9552
0.8841
0.9347
0.9994
-0.4279
-0.1957
-0.9206
0.4997
-0.8135
0.1430
-0.7943
-0.5405
-0.1520
-0.5025
0.2485
-0.0146
-0.4939
-0.1070
0.3858
0.1392
0.1345
-0.5597
0.7190
-0.3166
0.4512
0.3838
-0.0687
-0.2286
-0.7537
0.9920
0.3653
0.4703
-0.1302
-0.6307
-0.3125
-0.4472
-0.2034
-0.9499
0.6795
0.9916
-0.1903
-0.8334
0.8767
0.1014
-0.1881
-0.6794
0.6155
0.1767
0.0186
0.9110
-0.9435
0.2970
-0.4595
0.4277
0.1136
-0.3389
-0.4678
-0.7355
0.0523
-0.3131
-0.3289
0.6245
-0.5780
0.6560
0.1968
-0.7087
-0.6876
-0.1097
0.4357
-0.2292
0.9742
-0.7263
-0.7607
-0.4161
-0.0749
-0.9240
0.0321
-0.8392
-0.2578
-0.2625
-0.4236
0.4733
0.1996
0.8236
0.6787
0.1693
-0.2071
0.1482
0.0621
-0.6750
-0.9511
-0.4115
0.3141
-0.3238
0.9780
0.7600
-0.2355
-0.2422
0.2289
-0.4559
-0.5661
0.6060
0.3763
0.4267
0.4384
-0.6926
-0.6675
-0.6139
0.0336
0.9603
-0.1670
-0.5563
-0.0901
0.2533
-0.0661
-0.7705
-0.9319
-0.3028
-0.8820
0.1744
0.1872
0.1149
-0.8569
-0.3732
0.9484
0.4478
-0.4077
-0.8323
-0.2450
-0.2650
0.3306
0.3261
0.4253
0.9713
-0.1133
-0.2314
-0.0909
-0.2766
-0.2104
0.9089
-0.8380
0.2263
-0.3132
0.3587
0.7751
-0.8364
-0.4927
0.5982
0.6335
-0.8016
-0.7321
-0.6191
-0.9362
0.5645
-0.8770
-0.8999
0.8548
-0.7465
0.6622
0.5342
0.3944
0.0832
-0.9196
0.8235
0.8081
-0.5700
-0.0976
-0.1315
0.9035
0.6238
-0.4550
-0.3152
0.2533
-0.1946
-0.0856
-0.3577
-0.1529
-0.7257
-0.9810
-0.3019
-0.3182
0.5492
-0.9270
-0.4551
0.7423
-0.6170
-0.8874
-0.9366
-0.5792
0.1684
0.7845
0.3869
0.9438
0.2273
0.1182
-0.4267
-0.2910
-0.5099
0.2107
0.3005
-0.4577
0.8828
0.1838
-0.2705
0.8555
0.5064
0.2117
-0.6578
-0.4057
0.6900
0.8381
-0.3550
0.9523
0.9859
-0.7681
0.6164
0.0941
0.5836
-0.7794
-0.6796
0.3685
-0.9110
-0.7657
0.2426
0.5860
0.8744
-0.7740
-0.1924
-0.2793
0.2510
0.1398
-0.2907
0.2887
-0.8973
-0.0163
-0.6269
0.0342
0.3262
-0.4932
-0.6828
-0.6282
0.5824
0.3184
0.3497
0.5307
0.5001
-0.5273
0.5186
-0.9235
0.2331
0.8499
-0.6226
0.4176
-0.1482
-0.8261
0.4901
0.0714
0.3773
0.0079
0.3925
0.6288
-0.5045
0.7728
-0.4995
-0.9219
0.2169
0.9828
-0.2619
0.1102
-0.4488
-0.8755
0.3555
0.6946
0.8867
-0.2949
0.2674
0.8199
-0.3473
-0.4295
-0.5237
0.2583
0.0724
-0.6513
-0.4689
-0.9140
-0.9276
0.7402
-0.3282
-0.0892
-0.7509
0.3839
0.8618
-0.2242
-0.9853
-0.0668
-0.9998
0.0569
0.9772
0.2464
-0.4295
0.8458
-0.9628
-0.5924
0.7404
-0.9340
-0.6112
-0.8876
-0.4443
0.7059
-0.3050
-0.9102
-0.3217
-0.5450
-0.8270
0.6301
0.5640
0.7975
0.8597
-0.1954
0.1809
-0.5041
0.0088
-0.5423
0.1050
0.1392
0.7240
0.9679
-0.7382
0.7927
0.2023
0.2047
-0.4538
0.2030
0.1345
-0.7649
0.4600
0.4128
-0.5369
0.5550
0.6995
-0.4057
-0.3413
0.3855
0.5584
-0.2912
0.3195
0.6664
0.8990
-0.7802
0.0369
-0.5710
0.1931
0.1643
0.2942
0.7109
-0.0717
-0.3929
-0.5185
-0.4539
-0.7189
-0.4257
-0.8317
-0.3874
-0.3579
0.6457
0.9413
0.4485
-0.2777
0.2337
-0.4441
0.2817
0.8000
0.7023
0.6281
-0.8928
-0.4150
-0.3064
0.2387
-0.3502
-0.5505
-0.9092
-0.3241
0.0693
-0.2048
0.9650
0.4149
-0.9035
0.3888
-0.1767
-0.8345
-0.8691
0.1689
-0.5658
0.0464
0.2625
0.3355
-0.2451
0.3679
-0.3596
0.1106
-0.0448
0.3594
0.5339
0.0901
0.3933
0.9893
0.5613
0.0453
-0.8828
-0.1493
-0.0164
-0.4107
-0.9148
0.9584
0.5480
-0.1605
-0.9243
0.1743
0.4869
0.2149
-0.5769
-0.6469
0.0024
-0.2718
-0.2099
0.3817
-0.6623
0.3351
-0.2931
0.5703
-0.7118
0.7989
0.4649
0.0052
-0.7439
-0.2054
0.0223
0.9676
0.6084
0.5619
0.5409
-0.8755
-0.0551
0.0922
0.0639
-0.0192
-0.9204
-0.9725
-0.8166
0.6840
-0.2408
0.5078
-0.0563
-0.6353
-0.7775
-0.5851
0.3471
-0.1310
-0.5025
0.4874
0.3556
-0.4819
0.1106
-0.6925
-0.1134
0.6814
-0.5840
-0.3087
0.6308
-0.9285
0.8514
0.4974
0.7713
0.4898
0.0492
-0.2257
-0.8142
-0.5305
0.8362
0.9907
-0.7348
-0.2501
-0.1106
-0.3481
0.5816
-0.3001
0.6319
-0.2936
0.0952
0.4619
0.8798
0.0153
-0.9383
-0.4926
0.5550
0.0181
-0.8771
0.2311
-0.3810
0.5329
0.2088
-0.9344
0.8644
-0.1608
-0.4962
-0.5241
-0.2253
0.1022
0.9824
0.8841
-0.0875
-0.2792
-0.5663
-0.0857
0.2096
-0.7103
-0.9858
-0.4217
-0.0284
0.1751
-0.2852
0.7189
-0.6420
0.2186
0.3639
-0.0916
-0.1880
-0.4687
-0.8321
-0.5093
-0.6099
-0.8214
0.9603
-0.9299
0.2128
0.1446
-0.3277
-0.5621
-0.4219
-0.1530
0.2967
0.1935
-0.6539
-0.9128
-0.5062
0.2067
0.8191
-0.5968
-0.4433
-0.6991
-0.5029
0.2034
-0.5885
-0.6891
0.9119
-0.8089
0.3708
-0.8027
-0.0039
-0.2575
0.4962
0.6417
-0.7445
-0.8909
-0.2530
0.8978
0.0772
-0.2017
0.0594
0.8923
0.3856
-0.7501
-0.2469
0.1627
0.8542
0.2809
-0.4600
0.5708
0.8635
0.8138
-0.7404
0.5735
0.1551
-0.6059
-0.9639
-0.3077
0.2083
0.4672
-0.7171
0.7266
0.1585
-0.9092
-0.5991
0.8296
0.5469
0.5046
-0.7307
-0.2002
0.7688
0.3536
-0.8778
0.6535
0.4394
-0.0073
0.5971
0.4676
0.4567
-0.0461
-0.0266
-0.6360
-0.6507
0.0505
0.2281
