0.7241
0.6331
0.6415
0.9864
0.7706
0.6322
0.3164
0.8662
0.9705
0.5477
0.6344
0.3510
0.8615
0.2492
0.6452
0.1843
0.4826
0.7410
0.0458
0.0433
0.1062
0.1852
0.5239
0.3023
0.6122
0.4703
0.6304
0.6817
0.9367
0.3655
0.6310
0.4457
0.7786
0.9364
0.0729
0.2173
0.9400
0.5370
0.1688
0.7568
0.9152
0.9249
0.8574
0.7791
0.0315
0.6530
0.0308
0.6125
0.8734
0.7911
0.0772
0.7418
0.1494
0.9968
0.3763
0.7620
0.5604
0.4447
0.2437
0.2311
0.1225
0.4797
0.5890
0.5792
0.1523
0.4066
0.2327
0.7485
0.4329
0.4146
0.2412
0.2006
0.1121
0.0316
0.5974
0.3109
0.3341
0.6142
0.2003
0.5643
0.1567
0.4245
0.4355
0.7744
0.5729
0.2332
0.2217
0.9227
0.3285
0.7472
0.6390
0.5580
0.5723
0.2598
0.5081
0.0200
0.4451
0.4929
0.4042
0.0809
0.3897
0.7123
0.8722
0.9856
0.6139
0.4939
0.9696
0.9006
0.9041
0.5569
0.2482
0.7171
0.9958
0.3245
0.3479
0.9204
0.0163
0.6901
0.3739
0.0608
0.1948
0.9995
0.1251
0.1395
0.3179
0.7491
0.1091
0.8632
0.9133
0.6922
0.0203
0.5064
0.6635
0.1744
0.4881
0.2543
0.5396
0.5465
0.1755
0.5472
0.5090
0.2809
0.1918
0.4125
0.7380
0.0510
0.2352
0.4301
0.1906
0.2830
0.1723
0.2813
0.6128
0.5278
0.2618
0.1557
0.3777
0.7661
0.4003
0.2374
0.9070
0.8985
0.1533
0.0807
0.3981
0.3499
0.9620
0.8263
0.5983
0.9987
0.2549
0.9960
0.6737
0.1361
0.1395
0.8189
0.4790
0.7614
0.7832
0.4822
0.0953
0.4522
0.0391
0.9743
0.4137
0.5598
0.6196
0.1499
0.8114
0.7719
0.7109
0.3947
0.3598
0.1761
0.4186
0.4091
0.9000
0.9405
0.4528
0.7386
0.6503
0.4506
0.5532
0.8253
0.0639
0.9124
0.0799
0.4969
0.9076
0.1834
0.1780
0.3087
0.8260
0.6584
0.7495
0.5335
0.4429
0.7200
0.2414
0.3903
0.7955
0.2240
0.5735
0.3424
0.8028
0.4754
0.1543
0.7345
0.5512
0.7205
0.8251
0.2727
0.4136
0.1619
0.0976
0.0942
0.9565
0.7627
0.8592
0.9790
0.0826
0.0004
0.6561
0.4552
0.4363
0.9820
0.7229
0.2041
0.3919
0.0141
0.4012
0.2659
0.3429
0.0918
0.0034
0.6838
0.0464
0.1081
0.8751
0.4044
0.1833
0.5581
0.0300
0.5165
0.2125
0.0149
0.9542
0.1509
0.5131
0.3313
0.7258
0.8435
0.3980
0.9518
0.2720
0.9886
0.4979
0.4971
0.7654
0.1718
0.1222
0.3859
0.0750
0.2829
0.5831
0.6582
0.8000
0.8888
0.9103
0.8175
0.1925
0.6077
0.8211
0.4174
0.2763
0.7917
0.9525
0.1057
0.2744
0.9961
0.5571
0.7992
0.7428
0.5852
0.9410
0.2561
0.9707
0.8827
0.8922
0.0321
0.2419
0.5150
0.6509
0.9865
0.0100
0.9185
0.5042
0.3342
0.7007
0.4279
0.4247
0.6820
0.8353
0.1510
0.1002
0.7315
0.5906
0.5826
0.8847
0.0550
0.5222
0.8638
0.5362
0.8126
0.6052
0.3668
0.6632
0.5592
0.3019
0.9143
0.2270
0.6164
0.3408
0.1664
0.4787
0.1700
0.6739
0.2584
0.3035
0.8326
0.0093
0.2597
0.6080
0.8389
0.9649
0.5827
0.2595
0.7938
0.2066
0.7484
0.9185
0.6856
0.1750
0.7072
0.2720
0.9036
0.3228
0.1509
0.0213
0.8774
0.2169
0.8956
0.0769
0.3916
0.9366
0.3398
0.5313
0.9097
0.7596
0.7557
0.7223
0.2450
0.2932
0.7811
0.4221
0.1085
0.9061
0.5106
0.7214
0.6609
0.9464
0.8577
0.5682
0.5867
0.7315
0.6747
0.5436
0.0306
0.1446
0.4088
0.5240
0.4158
0.8821
0.5495
0.0802
0.4641
0.7666
0.4691
0.5711
0.1984
0.3167
0.8381
0.1336
0.7122
0.8903
0.8584
0.9345
0.8976
0.3991
0.7748
0.1616
0.0461
0.1035
0.6178
0.9073
0.3383
0.0233
0.6114
0.9380
0.9223
0.3679
0.1350
0.7698
0.4701
0.7782
0.5925
0.0079
0.6917
0.3076
0.2477
0.5204
0.1243
0.8282
0.4973
0.9812
0.8317
0.3552
0.7316
0.7539
0.9037
0.9315
0.6055
0.4414
0.0225
0.4129
0.8002
0.8945
0.3011
0.3448
0.1334
0.4798
0.0686
0.2946
0.9688
0.5038
0.1369
0.6424
0.5241
0.4918
0.7120
0.4917
0.0646
0.1404
0.7362
0.1263
0.3156
0.2181
0.0476
0.7333
0.8100
0.1990
0.8153
0.1836
0.9272
0.9461
0.3011
0.5598
0.4081
0.3743
0.0851
0.7729
0.3297
0.8296
0.3998
0.5688
0.5312
0.6628
0.9516
0.0470
0.9391
0.4558
0.5955
0.2921
0.4651
0.8158
0.5454
0.2780
0.8551
0.1144
0.4421
0.8089
0.4347
0.5491
0.8983
0.0865
0.9759
0.0730
0.9033
0.6010
0.3082
0.8031
0.2597
0.9033
0.6538
0.0040
0.5545
0.8736
0.8775
0.0719
0.8477
0.4363
0.0055
0.4702
0.3048
0.6278
0.1895
0.3842
0.8063
0.1814
0.3115
0.0503
0.5420
0.5842
0.3490
0.0354
0.6506
0.0419
0.2534
0.1942
0.6149
0.2476
0.4875
0.6590
0.1064
0.4175
0.2881
0.5633
0.3451
0.0241
0.3549
0.9480
0.1425
0.8998
0.7835
0.9265
0.6348
0.0749
0.9806
0.2632
0.0530
0.4804
0.0808
0.9268
0.0935
0.6609
0.8873
0.2901
0.4031
0.3405
0.6959
0.1202
0.2579
0.0917
0.5725
0.2198
0.4498
0.0380
0.6427
0.8815
0.6102
0.8467
0.8975
0.6757
0.7540
0.2199
0.1904
0.0492
0.9956
0.5621
0.1389
0.8461
0.4236
0.9411
0.7868
0.3086
0.6967
0.3315
0.5941
0.4796
0.9640
0.1703
0.1852
0.4828
0.2884
0.9112
0.7117
0.0679
0.0796
0.7320
0.7413
0.9284
0.0940
0.9772
0.6324
0.5689
0.6253
0.1920
0.1654
0.0131
0.8073
0.2000
0.1904
0.7197
0.2370
0.7067
0.9870
0.3679
0.5690
0.2626
0.0360
0.7849
0.9464
0.7170
0.1921
0.7006
0.7766
0.7645
0.7420
0.7200
0.8572
0.6600
0.5651
0.8851
0.1802
0.6795
0.2707
0.4771
0.0364
0.4603
0.6176
0.9430
0.6993
0.5670
0.5703
0.8572
0.2095
0.0693
0.9550
0.3333
0.0375
0.7952
0.2682
0.6694
0.4239
0.4095
0.4516
0.4798
0.2719
0.9598
0.6991
0.3864
0.3733
0.1179
0.6730
0.7819
0.4753
0.2712
0.1782
0.5366
0.3740
0.1224
0.8519
0.8938
0.1674
0.6391
0.3949
0.3060
0.4680
0.9818
0.3663
0.9734
0.4960
0.4329
0.3220
0.0958
0.3111
0.8505
0.5677
0.7033
0.1147
0.0306
0.0479
0.2767
0.7651
0.3601
0.3529
0.6984
0.8357
0.4906
0.0094
0.4321
0.8171
0.7567
0.1275
0.4912
0.2882
0.5442
0.2513
0.7129
0.6791
0.5359
0.0231
0.5285
0.9419
0.0230
0.1630
0.9489
0.9649
0.2810
0.8504
0.1316
0.7500
0.6069
0.4332
0.6125
0.1144
0.6886
0.7478
0.0752
0.8841
0.4850
0.9578
0.4245
0.7001
0.0566
0.9495
0.0836
0.3351
0.9124
0.9560
0.9142
0.6133
0.0618
0.0485
0.4285
0.0030
0.6426
0.2102
0.6357
0.5735
0.3708
0.9122
0.9184
0.9973
0.2430
0.1367
0.8015
0.8489
0.9890
0.5539
0.4518
0.6971
0.5375
0.3573
