0.1850
0.8692
0.5860
0.2282
0.0585
0.8745
0.8543
0.1729
0.2483
0.7362
0.6888
0.8471
0.5576
0.8054
0.8967
0.7608
0.8866
0.0692
0.1139
0.5656
0.2038
0.9080
0.8426
0.9648
0.1135
0.0943
0.0158
0.9949
0.2553
0.1932
0.5699
0.2150
0.5628
0.5753
0.2077
0.5783
0.8306
0.9096
0.7151
0.1076
0.9937
0.8485
0.0456
0.0650
0.8779
0.0581
0.3833
0.3567
0.5192
0.5093
0.1870
0.5987
0.9790
0.7119
0.0211
0.1993
0.2383
0.8599
0.6619
0.6120
0.6077
0.0515
0.5371
0.6441
0.2050
0.4512
0.1289
0.0910
0.2920
0.8718
0.9784
0.9804
0.2223
0.9348
0.3203
0.4512
0.7388
0.4037
0.6932
0.2765
0.8665
0.0004
0.4491
0.0100
0.1997
0.1086
0.2529
0.9524
0.0057
0.2916
0.7308
0.4640
0.8588
0.5245
0.1056
0.9147
0.0869
0.5743
0.5493
0.4423
0.9436
0.5689
0.6803
0.4518
0.0652
0.2866
0.1478
0.5397
0.2148
0.0399
0.1684
0.4589
0.3855
0.0632
0.5929
0.1057
0.9069
0.9220
0.5475
0.6887
0.3949
0.8501
0.5842
0.6113
0.9614
0.4024
0.8975
0.5182
0.1612
0.0527
0.6106
0.2725
0.7678
0.5571
0.1688
0.7202
0.3335
0.7318
0.2052
0.9773
0.9146
0.9049
0.3731
0.3553
0.3965
0.9796
0.6210
0.7634
0.4269
0.9454
0.3064
0.2697
0.3657
0.1930
0.7169
0.1642
0.1691
0.6288
0.7426
0.4518
0.6834
0.8661
0.7949
0.2123
0.2495
0.6612
0.0995
0.9162
0.9328
0.1508
0.9159
0.3975
0.4526
0.8902
0.3081
0.6258
0.8040
0.1601
0.9925
0.9453
0.1013
0.3081
0.4579
0.9801
0.7198
0.5349
0.2066
0.4387
0.4983
0.2889
0.5384
0.6756
0.5748
0.9036
0.7641
0.5130
0.7715
0.8033
0.2284
0.2644
0.3120
0.4616
0.6906
0.0994
0.1656
0.6159
0.5901
0.2164
0.9022
0.2714
0.9036
0.6048
0.0697
0.1250
0.4498
0.2677
0.2283
0.7568
0.9649
0.4486
0.7987
0.3869
0.2317
0.6719
0.3414
0.1049
0.6154
0.3324
0.7667
0.7027
0.8416
0.5476
0.7499
0.4843
0.5348
0.1752
0.4556
0.7556
0.5250
0.1118
0.3677
0.8578
0.6166
0.9580
0.4120
0.5093
0.6390
0.9395
0.1969
0.7855
0.1542
0.3603
0.8795
0.2571
0.5295
0.1010
0.8598
0.3918
0.3027
0.8569
0.4052
0.8828
0.7574
0.1531
0.3497
0.7066
0.6143
0.8038
0.0694
0.7130
0.7258
0.7338
0.1912
0.5266
0.7067
0.8660
0.6513
0.0249
0.8940
0.1575
0.2736
0.5382
0.8176
0.5599
0.7042
0.7550
0.5116
0.7617
0.4663
0.1889
0.0758
0.4639
0.1886
0.5007
0.1680
0.2564
0.8331
0.8020
0.1613
0.8060
0.4197
0.8737
0.8430
0.1882
0.5291
0.0846
0.5715
0.8771
0.8559
0.9015
0.5811
0.2674
0.3152
0.4753
0.0826
0.0203
0.4974
0.3810
0.5505
0.3844
0.8288
0.0002
0.1402
0.7166
0.9584
0.6041
0.1236
0.4830
0.1110
0.6097
0.3937
0.0395
0.1904
0.1543
0.7091
0.6064
0.8386
0.8563
0.5357
0.4361
0.2410
0.6677
0.5143
0.9396
0.9041
0.9040
0.5786
0.9763
0.5617
0.4869
0.1167
0.5565
0.3913
0.2086
0.1091
0.4252
0.3112
0.5094
0.6511
0.0630
0.2670
0.7630
0.2480
0.9620
0.4754
0.9449
0.4079
0.6959
0.6914
0.7355
0.3235
0.9042
0.8483
0.3857
0.6388
0.5843
0.7198
0.8075
0.3164
0.1612
0.3925
0.7436
0.6544
0.0359
0.2124
0.5093
0.2939
0.4620
0.7595
0.6657
0.2163
0.8806
0.7378
0.0145
0.7872
0.8692
0.4389
0.9752
0.6255
0.6820
0.1263
0.3728
0.5318
0.0107
0.2511
0.7170
0.9337
0.3652
0.6907
0.7151
0.0291
0.6565
0.6911
0.3271
0.3280
0.7873
0.5386
0.7955
0.8008
0.5709
0.2022
0.4291
0.8343
0.1457
0.3120
0.3959
0.9667
0.8656
0.4910
0.3948
0.5497
0.6872
0.8902
0.1781
0.4383
0.2566
0.9817
0.9403
0.8766
0.7630
0.2744
0.4333
0.9100
0.6847
0.0479
0.3557
0.9744
0.9362
0.4559
0.1065
0.8619
0.3986
0.9936
0.0334
0.6783
0.4853
0.7217
0.6409
0.1947
0.1975
0.4343
0.1606
0.3316
0.5788
0.9765
0.1447
0.9561
0.0408
0.3304
0.6985
0.7300
0.0827
0.9240
0.0829
0.6396
0.5951
0.2811
0.3351
0.0742
0.7772
0.4080
0.0443
0.3365
0.9435
0.7959
0.3638
0.6966
0.5014
0.8971
0.1533
0.5065
0.4980
0.7447
0.4079
0.8515
0.8705
0.6485
0.9605
0.4765
0.5411
0.7362
0.7305
0.3592
0.2376
0.5249
0.6180
0.3647
0.7022
0.6003
0.4514
0.1201
0.4442
0.1240
0.3334
0.1844
0.7943
0.1882
0.7873
0.3846
0.2400
0.7398
0.2357
0.4132
0.4184
0.5215
0.6918
0.9140
0.8830
0.1059
0.4364
0.8199
0.7844
0.0251
0.7071
0.6574
0.8760
0.1278
0.1480
0.7453
0.3081
0.8760
0.3248
0.5079
0.7017
0.8646
0.7188
0.6769
0.4413
0.8617
0.4553
0.8913
0.1685
0.5648
0.4522
0.9683
0.1669
0.7752
0.7593
0.7971
0.7846
0.2463
0.2020
0.8515
0.4750
0.7561
0.4528
0.5894
0.3502
0.1848
0.0491
0.7264
0.8426
0.9070
0.7168
0.5988
0.9568
0.5926
0.0906
0.0888
0.6088
0.4648
0.8005
0.1559
0.4811
0.1042
0.1273
0.1611
0.9641
0.8412
0.8715
0.9057
0.3700
0.5805
0.9067
0.3478
0.6461
0.6439
0.6221
0.8988
0.4846
0.8696
0.1729
0.6689
0.0408
0.3650
0.4183
0.2191
0.1756
0.1014
0.6613
0.7134
0.9592
0.2536
0.2354
0.1300
0.9394
0.7442
0.7968
0.2003
0.6160
0.7396
0.3388
0.0402
0.8297
0.3093
0.9800
0.7117
0.3754
0.4812
0.0044
0.3826
0.2698
0.0898
0.6481
0.4931
0.9748
0.9633
0.8481
0.4929
0.4342
0.7219
0.1794
0.5549
0.1640
0.5670
0.5192
0.3427
0.7196
0.0088
0.2646
0.7937
0.8675
0.9571
0.9511
0.5982
0.9805
0.0927
0.5272
0.8880
0.6275
0.1755
0.7192
0.9593
0.0306
0.1592
0.1028
0.5062
0.1683
0.7487
0.1179
0.2508
0.4617
0.5203
0.3518
0.4056
0.1398
0.3451
0.1066
0.9097
0.2267
0.0868
0.0531
0.3913
0.4555
0.3216
0.4258
0.3989
0.5633
0.3393
0.6991
0.0700
0.2530
0.1983
0.6759
0.8613
0.7096
0.9804
0.5213
0.2532
0.0967
0.6167
0.6702
0.7554
0.5449
0.3530
0.1279
0.3313
0.9992
0.4329
0.9552
0.1632
0.6648
0.3049
0.9154
0.8414
0.6490
0.4348
0.7701
0.5223
0.9880
0.9419
0.7780
0.2888
0.7181
0.5846
0.9839
0.3564
0.1029
0.7807
0.6657
0.5457
0.7855
0.1481
0.0087
0.3295
0.4228
0.8804
0.3008
0.9319
0.0520
0.2298
0.8225
0.4404
0.6104
0.4806
0.3813
0.6808
0.5255
0.2993
0.4104
0.0181
0.1864
0.9429
0.4100
0.9799
0.1091
0.3277
0.9771
0.8970
0.9582
0.3512
0.8848
0.5106
0.5565
0.3595
0.8833
0.0397
0.4450
0.1852
0.4493
0.5011
0.1827
0.2485
0.7863
0.4821
0.9634
0.8368
0.8082
0.1078
0.2594
0.5186
0.6388
0.5315
0.4712
