0.7469
0.0745
0.2323
0.6556
0.9116
0.2906
0.9864
0.4457
0.4070
0.4716
0.3884
0.5382
0.7746
0.5525
0.5002
0.8961
0.6157
0.8777
0.5809
0.9167
0.8678
0.9923
0.4509
0.1047
0.0846
0.5192
0.5810
0.1535
0.2011
0.7204
0.1598
0.5992
0.3172
0.8749
0.3609
0.5163
0.3745
0.4547
0.1502
0.2449
0.8057
0.7181
0.6279
0.8073
0.7932
0.2453
0.1402
0.8755
0.7591
0.2903
0.3450
0.3393
0.4888
0.7386
0.3307
0.8328
0.5921
0.1083
0.3395
0.8549
0.4514
0.7395
0.2792
0.9511
0.2098
0.5598
0.5055
0.5245
0.4854
0.0664
0.4381
0.4436
0.8849
0.4568
0.3549
0.6009
0.2187
0.7044
0.1475
0.2080
0.8413
0.8811
0.3928
0.7253
0.8874
0.6770
0.2891
0.4182
0.8221
0.5800
0.3018
0.9325
0.3217
0.8303
0.5202
0.1073
0.8725
0.1392
0.7130
0.4971
0.0148
0.7778
0.2786
0.4126
0.6495
0.0164
0.3747
0.5407
0.4622
0.4997
0.1216
0.8186
0.2495
0.1814
0.3205
0.3419
0.7193
1.0000
0.0356
0.1828
0.4669
0.5856
0.7752
0.6052
0.9370
0.1630
0.8993
0.4755
0.6893
0.0788
0.0159
0.9643
0.4775
0.7143
0.4755
0.7277
0.0001
0.9671
0.0193
0.0967
0.8708
0.8147
0.0511
0.0795
0.4798
0.2834
0.6516
0.9453
0.0517
0.4760
0.2450
0.3881
0.3089
0.2510
0.2892
0.9285
0.2222
0.8054
0.2766
0.4646
0.8012
0.0499
0.3299
0.1717
0.6330
0.0363
0.0549
0.8003
0.4682
0.8180
0.8053
0.4747
0.9426
0.0812
0.6445
0.7394
0.2841
0.2506
0.4334
0.7528
0.3367
0.8594
0.1651
0.1069
0.3628
0.0776
0.4842
0.2041
0.5880
0.1779
0.8038
0.1623
0.3317
0.2066
0.0211
0.2705
0.7108
0.6282
0.9977
0.7554
0.4964
0.5338
0.3707
0.5034
0.0223
0.2198
0.8878
0.9215
0.1037
0.4908
0.3709
0.7923
0.3683
0.1449
0.2326
0.6864
0.6329
0.7072
0.2477
0.9980
0.1525
0.2418
0.4795
0.2104
0.1061
0.2971
0.1031
0.6856
0.7061
0.6542
0.8249
0.7751
0.8511
0.4293
0.5692
0.0345
0.0547
0.9169
0.5257
0.8609
0.7460
0.3278
0.9303
0.6205
0.5593
0.2333
0.5071
0.0003
0.8501
0.5821
0.4128
0.4751
0.0342
0.4334
0.1149
0.4062
0.7696
0.2406
0.2201
0.4057
0.8283
0.6598
0.5092
0.9393
0.2455
0.0950
0.2539
0.9522
0.4726
0.9203
0.6805
0.0245
0.9236
0.2794
0.4789
0.8262
0.2655
0.2313
0.8482
0.0768
0.3073
0.3250
0.6934
0.8311
0.9223
0.0876
0.7368
0.9160
0.4010
0.2279
0.6361
0.3283
0.5157
0.0408
0.4070
0.4018
0.2491
0.6497
0.3935
0.5170
0.9030
0.9575
0.1478
0.4348
0.6835
0.1866
0.2548
0.6157
0.5911
0.7169
0.5934
0.3653
0.9330
0.6165
0.2926
0.3217
0.4376
0.7497
0.2882
0.9264
0.0412
0.7385
0.3570
0.3959
0.1209
0.5442
0.0952
0.8871
0.6845
0.8706
0.1879
0.4270
0.0019
0.3116
0.9442
0.0670
0.8275
0.4819
0.0559
0.7707
0.4015
0.0364
0.7101
0.4293
0.4669
0.3081
0.5112
0.9045
0.7123
0.8595
0.7384
0.1432
0.8584
0.4824
0.9372
0.7149
0.1453
0.9491
0.4236
0.2482
0.8302
0.4872
0.0255
0.6408
0.8394
0.6760
0.3078
0.2748
0.1487
0.8145
0.1661
0.9962
0.1578
0.2365
0.0209
0.3042
0.2651
0.1153
0.5919
0.8314
0.3072
0.4689
0.1305
0.7715
0.6969
0.5012
0.6673
0.6647
0.4647
0.7839
0.3126
0.9283
0.5079
0.5842
0.7360
0.5820
0.8878
0.5169
0.5645
0.0714
0.1522
0.6694
0.2665
0.5681
0.7767
0.1675
0.5790
0.6869
0.3793
0.1659
0.7813
0.9642
0.6926
0.4981
0.6846
0.0334
0.5929
0.9153
0.5223
0.0524
0.1207
0.6024
0.4674
0.6349
0.6524
0.1046
0.6313
0.8663
0.1662
0.4342
0.7311
0.7664
0.8449
0.0427
0.0550
0.5770
0.6881
0.4836
0.8740
0.5287
0.6269
0.8311
0.5237
0.7194
0.2406
0.3463
0.9152
0.1056
0.3564
0.5458
0.1249
0.1076
0.3701
0.8858
0.9593
0.5024
0.2153
0.4822
0.6379
0.6809
0.6633
0.7090
0.5643
0.3866
0.4898
0.0595
0.9059
0.3060
0.2660
0.5791
0.6883
0.7476
0.0649
0.1119
0.0317
0.8344
0.9104
0.2050
0.4345
0.4967
0.3933
0.4932
0.9233
0.7321
0.5311
0.9812
0.9250
0.0993
0.4768
0.0152
0.4853
0.7048
0.9304
0.1999
0.5512
0.1793
0.5575
0.4781
0.4021
0.2134
0.1062
0.6492
0.1912
0.3687
0.9224
0.2694
0.8569
0.4735
0.1361
0.5648
0.9447
0.8281
0.7931
0.3396
0.5261
0.1601
0.4190
0.3788
0.3384
0.0626
0.3691
0.6328
0.6928
0.9539
0.3893
0.3824
0.9505
0.7222
0.8311
0.4761
0.6494
0.9395
0.9733
0.8770
0.5307
0.3792
0.2035
0.8357
0.7774
0.8001
0.7073
0.8314
0.4871
0.0268
0.4775
0.1121
0.4469
0.2794
0.8506
0.9924
0.8827
0.2354
0.9719
0.8678
0.8898
0.8709
0.8505
0.3641
0.0542
0.5938
0.3644
0.1250
0.6568
0.9827
0.3110
0.9844
0.3949
0.6429
0.6729
0.6350
0.9107
0.7138
0.5876
0.5586
0.2660
0.7985
0.8232
0.5905
0.5320
0.1087
0.9150
0.0223
0.6713
0.1059
0.4240
0.0399
0.5314
0.4732
0.6436
0.0974
0.0764
0.5639
0.9873
0.1348
0.3443
0.6164
0.3776
0.4997
0.4375
0.0343
0.8460
0.8118
0.8039
0.9172
0.2861
0.7409
0.8578
0.3966
0.3425
0.8536
0.2649
0.1360
0.7048
0.2915
0.7088
0.4357
0.2410
0.7033
0.1156
0.3109
0.5396
0.9961
0.4882
0.8116
0.2829
0.9186
0.5639
0.8893
0.6106
0.5250
0.2435
0.6873
0.3926
0.1184
0.0316
0.2791
0.7417
0.5567
0.6257
0.0030
0.3582
0.0527
0.4216
0.9454
0.3237
0.7377
0.2504
0.5996
0.4959
0.4475
0.1293
0.3426
0.5924
0.9360
0.6100
0.9713
0.4046
0.2807
0.5732
0.3688
0.9264
0.3517
0.2215
0.6664
0.9281
0.8476
0.2447
0.4682
0.2102
0.1233
0.7845
0.7164
0.0740
0.9859
0.8245
0.3349
0.0422
0.4538
0.5867
0.9435
0.0797
0.2429
0.2664
0.0843
0.5407
0.9528
0.1003
0.4695
0.2591
0.5701
0.3252
0.2765
0.8951
0.8969
0.0505
0.1228
0.2371
0.8226
0.6746
0.1631
0.8205
0.3318
0.8563
0.8615
0.2184
0.6705
0.4615
0.7040
0.8365
0.0960
0.5918
0.2315
0.1961
0.4457
0.9571
0.2517
0.4509
0.9106
0.2663
0.9248
0.1909
0.5917
0.6272
0.9385
0.0048
0.7596
0.2018
0.6068
0.7569
0.3536
0.1980
0.1001
0.7973
0.9760
0.9360
0.6181
0.4944
0.5204
0.5928
0.2159
0.9038
0.9620
0.5711
0.4960
0.1711
0.8160
0.2667
0.3112
0.0275
0.7963
0.4026
0.2354
0.5967
0.6154
0.6867
0.6726
0.3263
0.4744
0.7685
0.7617
0.9991
0.8536
0.4166
0.8149
0.8060
0.6626
0.5865
0.8175
0.0524
0.8884
0.4586
0.8621
0.4156
0.6904
0.5174
0.9659
0.7132
0.4826
0.6023
0.8249
0.5967
0.2017
0.7424
0.6180
