0.6806
0.4812
0.2961
0.2786
0.6675
0.0252
0.6361
0.0481
0.3197
0.7557
0.9890
0.8794
0.7351
0.5549
0.1267
0.6939
0.6187
0.4797
0.3295
0.2520
0.2182
0.2906
0.0240
0.9220
0.5387
0.4515
0.3081
0.0516
0.4425
0.4519
0.0087
0.6118
0.0349
0.5278
0.0369
0.4209
0.0676
0.3650
0.4065
0.7398
0.8155
0.6317
0.4233
0.4143
0.5801
0.5454
0.6207
0.2707
0.1096
0.1866
0.0865
0.6909
0.8816
0.1852
0.2721
0.1010
0.1474
0.1729
0.9654
0.6550
0.6470
0.5662
0.1744
0.5737
0.7398
0.6357
0.2790
0.5442
0.0416
0.9531
0.9489
0.7456
0.6964
0.5078
0.9723
0.9931
0.5615
0.3732
0.8492
0.0870
0.7999
0.2528
0.1539
0.8275
0.9270
0.8444
0.8628
0.6080
0.2556
0.2339
0.2916
0.1190
0.0420
0.4857
0.8716
0.7045
0.7696
0.1529
0.0537
0.5022
0.9620
0.0924
0.0929
0.7834
0.2354
0.0014
0.8159
0.5496
0.2593
0.5072
0.8163
0.8185
0.8956
0.6797
0.7911
0.8923
0.2214
0.2831
0.7131
0.2341
0.1750
0.6178
0.4896
0.9743
0.2155
0.6234
0.6340
0.4631
0.7729
0.9964
0.3994
0.1089
0.0781
0.4761
0.2751
0.1718
0.2126
0.0840
0.5906
0.5914
0.4879
0.9465
0.8148
0.6102
0.0006
0.8460
0.3852
0.8725
0.2547
0.6768
0.0910
0.6629
0.7836
0.5698
0.9543
0.4870
0.4136
0.6812
0.4201
0.0660
0.6775
0.4051
0.4466
0.9710
0.0211
0.1449
0.4615
0.6994
0.4895
0.3741
0.3335
0.2001
0.3728
0.2586
0.1210
0.7798
0.3217
0.9776
0.8083
0.5141
0.6980
0.7334
0.8714
0.9059
0.8786
0.2863
0.2428
0.3389
0.9711
0.9409
0.4051
0.6428
0.4928
0.7849
0.6453
0.9354
0.6013
0.1552
0.2275
0.3619
0.9172
0.5151
0.0478
0.0648
0.2788
0.4897
0.5218
0.7387
0.3020
0.8917
0.6747
0.2658
0.0678
0.2187
0.6187
0.8210
0.8952
0.4143
0.6712
0.0796
0.5495
0.7729
0.9094
0.0668
0.2544
0.5670
0.2340
0.0705
0.4987
0.4222
0.2105
0.7311
0.2035
0.1972
0.5265
0.6412
0.2706
0.5241
0.8588
0.4579
0.2028
0.9444
0.7742
0.3717
0.6326
0.0384
0.8381
0.2192
0.8691
0.1066
0.3341
0.6359
0.3462
0.8157
0.6127
0.5992
0.1445
0.0596
0.6120
0.3989
0.8019
0.2970
0.4044
0.7928
0.3496
0.7918
0.7837
0.5892
0.0691
0.8590
0.0231
0.4228
0.6763
0.5697
0.2353
0.4712
0.4807
0.6384
0.9644
0.8907
0.1633
0.5400
0.4550
0.0846
0.5934
0.5284
0.6717
0.3770
0.8643
0.4599
0.5949
0.2993
0.9140
0.4606
0.8352
0.5096
0.3575
0.6969
0.7506
0.1600
0.4448
0.3181
0.5063
0.9532
0.4426
0.9160
0.2297
0.9927
0.4575
0.6932
0.9691
0.7031
0.4632
0.1275
0.4815
0.9952
0.6340
0.8138
0.1476
0.1850
0.7643
0.2520
0.0919
0.5741
0.6262
0.2131
0.1347
0.1350
0.3718
0.0485
0.4556
0.9950
0.4562
0.0997
0.4938
0.4602
0.9848
0.0082
0.7788
0.3647
0.0859
0.9362
0.9869
0.1604
0.1728
0.8412
0.8978
0.7512
0.9948
0.2791
0.2059
0.5681
0.0458
0.5060
0.9523
0.1913
0.9810
0.3187
0.0179
0.5155
0.3195
0.8057
0.6675
0.2129
0.7343
0.9868
0.3648
0.1912
0.6400
0.0564
0.8574
0.3835
0.6505
0.3191
0.8312
0.9338
0.5630
0.7490
0.9538
0.7590
0.2208
0.7429
0.1276
0.8223
0.4327
0.5422
0.7387
0.0825
0.4885
0.0763
0.6650
0.1054
0.2112
0.0817
0.7453
0.7654
0.8720
0.9346
0.5957
0.2412
0.9460
0.4035
0.8699
0.1535
0.5695
0.0402
0.9655
0.6528
0.8683
0.6159
0.3689
0.7754
0.2341
0.5866
0.5407
0.1937
0.5026
0.3754
0.4994
0.3941
0.7829
0.9895
0.0480
0.3924
0.8004
0.7902
0.2367
0.2027
0.1155
0.4318
0.4237
0.1064
0.8380
0.5396
0.0649
0.2889
0.4410
0.9523
0.9205
0.8894
0.6896
0.5193
0.3665
0.1343
0.1727
0.6158
0.9412
0.6895
0.5795
0.5528
0.2920
0.9381
0.5789
0.2555
0.8637
0.7842
0.0883
0.5370
0.5604
0.0205
0.1729
0.5980
0.0204
0.2362
0.1231
0.0850
0.9133
0.7492
0.4325
0.4560
0.4133
0.8026
0.3346
0.6045
0.1742
0.2168
0.2965
0.5680
0.8747
0.6106
0.4188
0.0133
0.2430
0.3994
0.5951
0.7670
0.8490
0.0993
0.3643
0.8887
0.6622
0.1468
0.0322
0.0297
0.5798
0.4676
0.6230
0.1810
0.1213
0.5633
0.0607
0.3796
0.1173
0.0514
0.9385
0.0747
0.1151
0.7710
0.8915
0.3993
0.1784
0.8928
0.6880
0.0534
0.4086
0.6044
0.2579
0.8075
0.1863
0.5513
0.1986
0.6551
0.8483
0.7950
0.4418
0.9057
0.3843
0.7322
0.7531
0.9150
0.8622
0.9848
0.7860
0.0896
0.0987
0.4376
0.5524
0.5031
0.4365
0.9866
0.3283
0.0562
0.1261
0.2772
0.4818
0.7810
0.0753
0.0554
0.9103
0.0924
0.8543
0.2862
0.7445
0.2079
0.2072
0.3697
0.1962
0.5469
0.8254
0.9679
0.7083
0.3786
0.2141
0.5261
0.6887
0.5227
0.3799
0.6038
0.5183
0.3249
0.2078
0.9236
0.8724
0.6426
0.1159
0.2965
0.0917
0.2919
0.5387
0.2456
0.1863
0.0360
0.3910
0.6652
0.4093
0.3638
0.5888
0.6398
0.9532
0.5881
0.9157
0.5120
0.7791
0.4401
0.7837
0.9899
0.3486
0.3488
0.9458
0.4996
0.2088
0.9375
0.9417
0.1024
0.5720
0.4041
0.0050
0.0938
0.0019
0.8010
0.5713
0.1499
0.4619
0.3286
0.5292
0.5322
0.0339
0.4911
0.9938
0.0520
0.8556
0.6563
0.3491
0.9264
0.5510
0.1039
0.5743
0.0174
0.4711
0.2492
0.6592
0.2963
0.5164
0.1007
0.5851
0.2983
0.0081
0.7755
0.2027
0.4780
0.4187
0.3097
0.5343
0.2999
0.0740
0.1285
0.2664
0.4042
0.8539
0.2243
0.8931
0.1682
0.0351
0.6891
0.0656
0.9645
0.6124
0.2053
0.6410
0.6495
0.3242
0.3096
0.0948
0.7775
0.4008
0.2210
0.6983
0.9513
0.0338
0.6761
0.2639
0.5443
0.6848
0.3458
0.9622
0.5433
0.0211
0.7049
0.2653
0.3425
0.6937
0.7563
0.6038
0.8941
0.8714
0.6794
0.9185
0.3085
0.3004
0.0707
0.0797
0.3772
0.8378
0.3873
0.8441
0.5412
0.2509
0.2967
0.6036
0.4824
0.7027
0.1093
0.6921
0.2181
0.2058
0.0389
0.7732
0.7109
0.5414
0.1897
0.7181
0.6489
0.1554
0.2702
0.4732
0.6861
0.5732
0.3823
0.0842
0.8347
0.8440
0.9646
0.3396
0.3788
0.3691
0.1814
0.9304
0.8351
0.1334
0.9052
0.2561
0.9098
0.0702
0.7205
0.1018
0.9542
0.7578
0.2147
0.0156
0.5657
0.9697
0.5815
0.4477
0.9898
0.2216
0.9078
0.2605
0.6165
0.0819
0.0088
0.4961
0.9332
0.4635
0.7041
0.3238
0.6003
0.3226
0.5408
0.2045
0.4525
0.8136
0.0093
0.1102
0.4566
0.8018
0.4390
0.6505
0.6049
0.3535
0.2393
0.9201
0.3706
0.5581
0.0783
0.6289
0.9812
0.0264
0.7162
0.6176
0.4682
0.0178
0.8148
0.4884
0.7962
