0.9645
0.4625
0.5823
0.5958
0.1649
0.2654
0.5068
0.6389
0.0610
0.2532
0.6993
0.6102
0.8905
0.9015
0.8787
0.2801
0.3041
0.5130
0.4921
0.1876
0.9033
0.1503
0.1070
0.7024
0.3867
0.0248
0.1708
0.7198
0.8104
0.8105
0.8145
0.5666
0.3214
0.8723
0.5750
0.2502
0.0352
0.0927
0.1116
0.7990
0.2425
0.2456
0.8604
0.8061
0.0931
0.4459
0.2101
0.6073
0.2253
0.6915
0.5641
0.4459
0.7382
0.6907
0.8752
0.4398
0.4084
0.9741
0.7261
0.6717
0.2610
0.0535
0.7789
0.6823
0.2301
0.0093
0.5442
0.8400
0.3864
0.6369
0.3312
0.6295
0.2290
0.2034
0.9796
0.1050
0.3755
0.4437
0.6689
0.3922
0.9394
0.0977
0.8114
0.2921
0.9641
0.6768
0.1722
0.8547
0.7641
0.2916
0.2080
0.2618
0.3594
0.6850
0.7396
0.0530
0.7761
0.5266
0.6523
0.5212
0.7956
0.0503
0.2623
0.3531
0.6361
0.6621
0.5563
0.9900
0.4033
0.3619
0.3991
0.5500
0.1070
0.8521
0.5122
0.2796
0.5453
0.5741
0.7715
0.2108
0.6052
0.9293
0.6041
0.3394
0.2480
0.1046
0.0384
0.2480
0.1812
0.4902
0.5386
0.3463
0.2033
0.3142
0.4513
0.5366
0.0927
0.3841
0.4613
0.2798
0.9874
0.8941
0.7723
0.0636
0.9808
0.8139
0.5456
0.8168
0.8222
0.1016
0.8892
0.1039
0.9413
0.1011
0.3852
0.2006
0.6377
0.7477
0.1648
0.0890
0.6784
0.1753
0.5405
0.7949
0.0492
0.4787
0.9207
0.9163
0.5199
0.5897
0.9665
0.6765
0.0111
0.1695
0.6371
0.6795
0.5622
0.7974
0.9378
0.5816
0.3369
0.2944
0.8067
0.7820
0.4996
0.9365
0.6675
0.6547
0.9919
0.5479
0.7014
0.1691
0.8464
0.6695
0.1702
0.1984
0.7157
0.0704
0.5513
0.4865
0.2152
0.0684
0.7507
0.5130
0.0459
0.0284
0.8840
0.9993
0.6767
0.9632
0.0508
0.3612
0.6014
0.1396
0.3074
0.0149
0.3318
0.0068
0.0768
0.8527
0.0900
0.7663
0.8114
0.1695
0.9017
0.2878
0.5412
0.5976
0.9937
0.5335
0.7149
0.3953
0.4091
0.0880
0.1325
0.0385
0.8292
0.1515
0.5951
0.3379
0.9413
0.4338
0.3757
0.4176
0.8276
0.4456
0.5621
0.9857
0.5629
0.7982
0.0166
0.9641
0.7795
0.5305
0.3626
0.2902
0.0124
0.4551
0.3583
0.1649
0.9018
0.5694
0.3413
0.6752
0.0503
0.2648
0.8105
0.4183
0.7159
0.5748
0.9995
0.3183
0.4950
0.1113
0.5690
0.8989
0.9626
0.8527
0.2340
0.6267
0.9097
0.8191
0.3389
0.1886
0.9117
0.9647
0.7527
0.3880
0.6531
0.7117
0.5840
0.8579
0.4621
0.0440
0.9597
0.3284
0.7588
0.5043
0.2175
0.7369
0.9626
0.5299
0.6336
0.3859
0.1995
0.8058
0.7274
0.4241
0.0996
0.6151
0.8462
0.3168
0.3137
0.1356
0.5567
0.8825
0.5709
0.0396
0.3076
0.1265
0.0465
0.9128
0.2128
0.7650
0.2258
0.1313
0.4298
0.4759
0.6987
0.6712
0.8550
0.9565
0.3572
0.3966
0.7605
0.9666
0.3545
0.3773
0.0984
0.4854
0.1827
0.8263
0.2087
0.9374
0.5889
0.8411
0.4576
0.3370
0.8459
0.3843
0.7974
0.6798
0.8876
0.7011
0.5747
0.3009
0.9252
0.4103
0.5017
0.4968
0.2170
0.9771
0.3029
0.3996
0.7519
0.5471
0.6089
0.1948
0.0459
0.5513
0.2392
0.7290
0.5447
0.4155
0.0372
0.7071
0.6608
0.7031
0.4671
0.7828
0.5366
0.6280
0.5707
0.2395
0.7891
0.9316
0.4241
0.0637
0.3541
0.4918
0.4370
0.7469
0.0273
0.0271
0.3139
0.3085
0.6602
0.6598
0.3718
0.4673
0.3486
0.0504
0.0655
0.6382
0.3098
0.8331
0.6814
0.8275
0.8795
0.7082
0.4322
0.1431
0.8861
0.4366
0.0203
0.7657
0.3872
0.2474
0.5913
0.4216
0.3426
0.0083
0.4613
0.6584
0.6996
0.7069
0.8013
0.8135
0.2279
0.1257
0.6316
0.3676
0.6313
0.7428
0.5037
0.8028
0.2598
0.7613
0.3678
0.9591
0.7227
0.5294
0.5973
0.1957
0.6429
0.9917
0.5458
0.3966
0.2506
0.1193
0.8487
0.0574
0.6398
0.9230
0.2900
0.7791
0.2896
0.5273
0.0934
0.8300
0.2726
0.5456
0.7312
0.6480
0.2267
0.9922
0.7288
0.4669
0.3234
0.6437
0.2372
0.4123
0.0042
0.0700
0.9235
0.0835
0.2461
0.8921
0.3644
0.0067
0.2714
0.2791
0.7259
0.6471
0.4027
0.5991
0.9556
0.1149
0.6940
0.1546
0.9643
0.9228
0.9830
0.9230
0.8045
0.6854
0.3906
0.4013
0.6239
0.4167
0.0677
0.5738
0.8503
0.9174
0.3835
0.1194
0.7146
0.7661
0.3223
0.2749
0.2012
0.0005
0.0117
0.3054
0.5429
0.0218
0.5057
0.1992
0.7797
0.9854
0.0407
0.1282
0.9660
0.0775
0.0366
0.3745
0.1520
0.6523
0.6281
0.4488
0.9239
0.3019
0.0872
0.7556
0.3443
0.1025
0.2528
0.6056
0.5224
0.3421
0.3489
0.1772
0.7430
0.2398
0.4096
0.3560
0.5099
0.5485
0.0569
0.3079
0.7127
0.3075
0.3354
0.6504
0.6176
0.1923
0.5971
0.6292
0.1777
0.3768
0.8706
0.2327
0.5304
0.2755
0.6916
0.4786
0.0752
0.7388
0.9114
0.5119
0.1608
0.9671
0.7217
0.7030
0.2239
0.4122
0.8771
0.6662
0.5263
0.1147
0.4364
0.6891
0.5303
0.9197
0.7960
0.8494
0.6587
0.1999
0.2412
0.6467
0.7017
0.6362
0.5059
0.5421
0.0533
0.9913
0.6441
0.0915
0.5386
0.9455
0.2888
0.8885
0.3560
0.0980
0.2960
0.1204
0.4322
0.2459
0.6509
0.0763
0.7669
0.6039
0.7657
0.1536
0.6912
0.5178
0.5683
0.1728
0.5367
0.2343
0.0256
0.3507
0.0844
0.1875
0.2776
0.2365
0.5989
0.8343
0.4438
0.5032
0.5430
0.5543
0.2206
0.7648
0.5332
0.7714
0.0828
0.2677
0.0851
0.2219
0.0392
0.2184
0.8497
0.7032
0.5621
0.4368
0.0194
0.9168
0.5894
0.6142
0.7880
0.6608
0.4195
0.2547
0.5970
0.4440
0.9715
0.1864
0.8326
0.4646
0.8242
0.7975
0.0155
0.7943
0.0692
0.4500
0.4292
0.5573
0.2335
0.4202
0.3088
0.7381
0.8030
0.3249
0.1731
0.0959
0.2033
0.1983
0.6405
0.1246
0.9458
0.2093
0.0797
0.0611
0.3162
0.9741
0.2441
0.0452
0.2838
0.5476
0.1640
0.8016
0.5410
0.5383
0.9384
0.0303
0.2965
0.2592
0.5033
0.1566
0.4709
0.2879
0.5291
0.4411
0.9838
0.9398
0.9206
0.5585
0.9715
0.2040
0.1166
0.7286
0.2203
0.5282
0.3144
0.4294
0.6235
0.0836
0.4179
0.5790
0.5495
0.8630
0.6925
0.3319
0.6208
0.5132
0.8718
0.6010
0.9796
0.2568
0.4278
0.7877
0.1328
0.2381
0.1867
0.6663
0.5924
0.5859
0.1616
0.4568
0.4799
0.0260
0.8110
0.8369
0.0442
0.3633
0.5101
0.0171
0.0931
0.4945
0.3288
0.6095
0.1676
0.9236
0.4013
0.3196
0.5535
0.5971
0.1931
0.9113
0.7335
0.8291
0.1210
0.8549
0.7180
0.3802
0.4328
0.3363
0.0923
0.7836
0.6715
0.6074
0.1985
0.1076
0.7045
0.5929
0.1727
0.4814
0.3667
0.8873
0.2005
0.2114
0.1167
0.9255
