0.2613
0.9346
0.5077
0.0987
0.8133
0.2873
0.9724
0.7328
0.4812
0.8928
0.6799
0.3484
0.8214
0.0602
0.7695
0.1721
0.0009
0.5165
0.0776
0.7595
0.7734
0.9826
0.9493
0.9308
0.8706
0.8780
0.3469
0.9145
0.5700
0.2977
0.2012
0.1961
0.0197
0.2619
0.4272
0.0941
0.4170
0.2852
0.7497
0.1803
0.1569
0.9328
0.3595
0.8024
0.2266
0.5479
0.1492
0.5752
0.3425
0.9560
0.4694
0.5007
0.5409
0.4232
0.5876
0.2854
0.8262
0.5699
0.7507
0.2385
0.5285
0.5531
0.2147
0.9485
0.5382
0.0170
0.0820
0.5476
0.4171
0.3359
0.2328
0.8973
0.0041
0.4556
0.0794
0.6055
0.5267
0.2551
0.9947
0.1516
0.3464
0.4218
0.1644
0.9474
0.2753
0.2239
0.6826
0.5634
0.1054
0.9541
0.3006
0.4039
0.1343
0.6366
0.0585
0.8532
0.6049
0.3342
0.5598
0.6242
0.8050
0.5970
0.3751
0.1478
0.0104
0.4497
0.7599
0.1798
0.3767
0.9955
0.0450
0.2516
0.1585
0.1494
0.1841
0.2114
0.0162
0.6010
0.0819
0.9477
0.1656
0.3886
0.7879
0.3833
0.8133
0.1188
0.5038
0.7710
0.5763
0.0435
0.3155
0.4484
0.2904
0.1510
0.6537
0.3843
0.6987
0.6407
0.2012
0.6117
0.0802
0.3383
0.4472
0.9899
0.1556
0.0702
0.9592
0.4239
0.1976
0.3556
0.3858
0.3053
0.9575
0.2610
0.6283
0.6827
0.5254
0.4232
0.9232
0.5223
0.7143
0.8577
0.9444
0.6086
0.5528
0.3200
0.1382
0.7455
0.4875
0.5758
0.3742
0.4907
0.4347
0.2488
0.3410
0.9915
0.3242
0.6310
0.0768
0.0636
0.1591
0.5259
0.0035
0.5884
0.1824
0.6150
0.4689
0.0853
0.2492
0.9235
0.7480
0.0106
0.0278
0.4724
0.9548
0.3452
0.6546
0.0085
0.2038
0.9275
0.6929
0.1586
0.0695
0.8774
0.2146
0.7505
0.8808
0.9610
0.6742
0.6829
0.7922
0.0929
0.6149
0.5323
0.1556
0.1577
0.6293
0.7467
0.8517
0.8658
0.1565
0.7936
0.0519
0.1838
0.3264
0.9755
0.6763
0.6784
0.3444
0.3302
0.4569
0.2273
0.6318
0.5414
0.0681
0.1686
0.5732
0.1075
0.7725
0.7975
0.4355
0.0469
0.0174
0.7418
0.2737
0.0739
0.0344
0.1701
0.9526
0.7825
0.9196
0.1622
0.7550
0.3308
0.9132
0.8189
0.3217
0.8598
0.9044
0.8451
0.7321
0.6519
0.5898
0.6168
0.0489
0.7516
0.3902
0.0978
0.5266
0.1954
0.0407
0.1055
0.5874
0.9977
0.8836
0.4057
0.3258
0.8471
0.0600
0.0998
0.4896
0.6654
0.9043
0.6729
0.1677
0.6957
0.4877
0.0618
0.0995
0.9394
0.8455
0.6094
0.9667
0.0145
0.6480
0.8778
0.3449
0.3873
0.8532
0.9108
0.9115
0.0620
0.1585
0.6420
0.2283
0.6934
0.3235
0.6731
0.7916
0.8469
0.0439
0.0701
0.1617
0.1341
0.5826
0.5546
0.3955
0.9606
0.9754
0.7475
0.6502
0.9083
0.2163
0.6058
0.3389
0.8812
0.7839
0.1727
0.8357
0.3407
0.2302
0.3838
0.0188
0.9546
0.8642
0.5078
0.3086
0.1768
0.0294
0.1244
0.7439
0.1238
0.6283
0.0515
0.0264
0.9839
0.4312
0.1383
0.0320
0.3851
0.9039
0.8577
0.8708
0.2662
0.8011
0.2004
0.0469
0.7335
0.8770
0.3698
0.3078
0.2674
0.8338
0.4659
0.9987
0.1827
0.4637
0.7799
0.6432
0.9351
0.5405
0.5864
0.5621
0.1442
0.8636
0.7896
0.8403
0.3944
0.8877
0.5888
0.0113
0.2898
0.5577
0.9057
0.0035
0.5104
0.4753
0.5600
0.9674
0.7756
0.0063
0.1320
0.9302
0.4699
0.5010
0.1634
0.6886
0.9826
0.4780
0.1520
0.0286
0.7842
0.1077
0.5858
0.1234
0.7360
0.7775
0.3095
0.7436
0.1937
0.2447
0.6317
0.4820
0.6991
0.5800
0.5988
0.9097
0.0173
0.0522
0.1996
0.3669
0.1341
0.8170
0.7043
0.6049
0.8321
0.9095
0.9088
0.0885
0.8270
0.4564
0.2285
0.4555
0.0818
0.6677
0.6271
0.9945
0.7934
0.4638
0.8356
0.7555
0.8001
0.0299
0.0028
0.6653
0.9380
0.5780
0.0714
0.5663
0.0417
0.2749
0.9538
0.6787
0.2470
0.3294
0.0072
0.3580
0.1581
0.7313
0.6100
0.6768
0.7741
0.2082
0.3294
0.4539
0.6619
0.0278
0.7350
0.0237
0.9668
0.2635
0.2966
0.1340
0.1208
0.0364
0.8778
0.7451
0.9533
0.9827
0.6076
0.3198
0.7059
0.0295
0.7748
0.3589
0.7610
0.6642
0.1487
0.6603
0.8223
0.8661
0.9414
0.0736
0.7780
0.8981
0.7910
0.6002
0.1821
0.2357
0.3163
0.6385
0.0648
0.0347
0.0432
0.3202
0.6301
0.0467
0.5909
0.8576
0.5267
0.4668
0.8081
0.8841
0.3635
0.5449
0.7599
0.5142
0.0604
0.3555
0.4242
0.1168
0.7991
0.1761
0.7513
0.2354
0.8480
0.3841
0.3622
0.6932
0.1824
0.7293
0.5729
0.0917
0.7442
0.6815
0.4328
0.5106
0.8238
0.8806
0.9480
0.3516
0.7681
0.0697
0.0239
0.5876
0.4886
0.7523
0.5214
0.0055
0.1434
0.4782
0.4805
0.3667
0.0720
0.1071
0.5582
0.4523
0.3059
0.1877
0.2882
0.4727
0.5351
0.9210
0.7390
0.6319
0.2418
0.9373
0.4681
0.9272
0.8092
0.6146
0.1904
0.5681
0.0874
0.0927
0.0434
0.4848
0.2850
0.3795
0.3099
0.9523
0.1158
0.3362
0.3161
0.1397
0.2051
0.7827
0.8492
0.0090
0.0773
0.4422
0.2789
0.6224
0.5277
0.0345
0.4837
0.9607
0.3938
0.1892
0.3653
0.8301
0.5124
0.4070
0.0455
0.7590
0.4063
0.8708
0.3549
0.3181
0.2270
0.8299
0.0729
0.8095
0.5216
0.7006
0.6963
0.4170
0.9409
0.6193
0.9293
0.2907
0.7290
0.6760
0.3166
0.5274
0.1973
0.2225
0.0873
0.3269
0.3227
0.5059
0.0015
0.2270
0.9866
0.7210
0.2324
0.6459
0.0825
0.1122
0.3463
0.5509
0.2822
0.0112
0.3914
0.2586
0.3517
0.3175
0.3508
0.5458
0.5530
0.1516
0.3419
0.6988
0.7655
0.3161
0.2988
0.4175
0.4349
0.0690
0.7441
0.1318
0.5144
0.5605
0.0267
0.0804
0.4003
0.7973
0.0058
0.3433
0.2527
0.5505
0.0448
0.3291
0.1688
0.4626
0.1070
0.9255
0.8729
0.5122
0.4848
0.2938
0.4041
0.9745
0.2802
0.8035
0.3784
0.8242
0.5081
0.5375
0.4169
0.4844
0.5793
0.9473
0.8548
0.0041
0.9651
0.5067
0.5732
0.7399
0.8971
0.8620
0.8166
0.8636
0.6462
0.2990
0.6289
0.2515
0.3226
0.0128
0.7994
0.8624
0.8367
0.0785
0.8148
0.0344
0.2534
0.1851
0.1901
0.5081
0.0324
0.2825
0.9340
0.2671
0.1828
0.2658
0.4053
0.4446
0.0407
0.9373
0.4505
0.4197
0.1147
0.0478
0.8500
0.7972
0.6978
0.6969
0.5792
0.8131
0.8406
0.1784
0.0715
0.0948
0.0029
0.4520
0.8802
0.1444
0.2282
0.3820
0.9735
0.7828
0.8677
0.8947
0.5603
0.2491
0.3561
0.7004
0.3745
0.8965
0.5069
0.7141
0.2351
0.7142
0.8279
0.1673
0.9869
0.2339
0.8908
0.1604
0.4607
0.0388
0.3731
0.7688
0.8859
0.2941
0.6572
0.8747
0.6157
0.6535
0.0897
0.0591
0.0216
0.9138
0.3580
