0.4650
0.8305
0.7509
0.2066
0.9498
0.0247
0.0741
0.9224
0.5048
0.7553
0.8548
0.8584
0.6611
0.6896
0.7667
0.2290
0.4055
0.1229
0.3972
0.2276
0.1287
0.5345
0.1028
0.2387
0.2542
0.1046
0.8470
0.2007
0.7170
0.0320
0.6401
0.9688
0.8726
0.0007
0.0128
0.4043
0.5381
0.3465
0.2769
0.6922
0.8906
0.0605
0.1240
0.6861
0.4012
0.3473
0.8586
0.6607
0.7784
0.4117
0.9232
0.4587
0.7221
0.1623
0.3288
0.5121
0.4104
0.7127
0.0870
0.6352
0.9142
0.5248
0.9181
0.0855
0.1867
0.5534
0.0813
0.3758
0.2972
0.1133
0.1953
0.5278
0.5680
0.3685
0.5251
0.5477
0.3103
0.4469
0.6831
0.9143
0.5974
0.7661
0.1687
0.7294
0.2876
0.2411
0.7227
0.2568
0.6334
0.4759
0.4419
0.1084
0.7596
0.6081
0.7736
0.7096
0.0881
0.6409
0.2593
0.4120
0.3761
0.0523
0.7546
0.2984
0.4093
0.5233
0.8159
0.6125
0.2327
0.8365
0.3217
0.0980
0.1263
0.7342
0.5607
0.8517
0.6444
0.1645
0.1046
0.3254
0.3658
0.2694
0.5742
0.0872
0.1767
0.0385
0.9952
0.5197
0.7798
0.8920
0.9680
0.1325
0.2443
0.4073
0.9075
0.1824
0.8333
0.8734
0.8362
0.2167
0.0488
0.0140
0.4672
0.7323
0.4039
0.0599
0.0647
0.3002
0.4775
0.0720
0.3938
0.4459
0.4928
0.2936
0.2481
0.8396
0.6990
0.3267
0.6081
0.5494
0.1649
0.8691
0.0980
0.5579
0.7847
0.7319
0.3026
0.7071
0.1773
0.5358
0.3123
0.2347
0.5261
0.4588
0.0910
0.2469
0.0667
0.3138
0.3158
0.1498
0.6602
0.2763
0.6451
0.6242
0.6263
0.4289
0.2618
0.7132
0.9827
0.3802
0.8125
0.3534
0.9551
0.8504
0.6119
0.5928
0.1122
0.1885
0.4655
0.7805
0.1977
0.2994
0.0013
0.1328
0.9379
0.5468
0.4289
0.2820
0.5335
0.5834
0.3648
0.5039
0.9292
0.2640
0.1050
0.1904
0.2414
0.4515
0.8211
0.0471
0.2672
0.4875
0.9774
0.0875
0.2657
0.9622
0.3596
0.0404
0.0119
0.3342
0.7080
0.1884
0.7358
0.3978
0.3142
0.7565
0.4067
0.6449
0.1090
0.5116
0.4261
0.6581
0.3538
0.4716
0.4598
0.1541
0.3097
0.1964
0.5669
0.2204
0.8018
0.9701
0.5711
0.0891
0.8898
0.5302
0.3341
0.9912
0.7471
0.2502
0.6683
0.7520
0.6510
0.3365
0.2049
0.8580
0.3192
0.3062
0.6120
0.3978
0.2229
0.8350
0.6670
0.6195
0.4082
0.4333
0.2446
0.7728
0.7052
0.9640
0.8452
0.3488
0.3284
0.1518
0.8116
0.1556
0.9120
0.1290
0.7617
0.6336
0.5649
0.0788
0.1778
0.7690
0.7885
0.1085
0.9280
0.5787
0.0695
0.1589
0.6468
0.0870
0.1799
0.4432
0.9458
0.6044
0.7544
0.6407
0.3277
0.3658
0.9774
0.6271
0.5424
0.0118
0.4575
0.0031
0.4260
0.4223
0.5008
0.9155
0.9713
0.5139
0.4157
0.7159
0.3678
0.7787
0.8602
0.3241
0.9262
0.5257
0.8307
0.9148
0.3277
0.4505
0.0557
0.9635
0.5313
0.0176
0.3854
0.8956
0.6730
0.6858
0.1659
0.7404
0.6304
0.3479
0.2863
0.4245
0.4763
0.9274
0.5943
0.1732
0.4629
0.4655
0.8744
0.0634
0.7797
0.8659
0.5926
0.0918
0.9449
0.1421
0.7528
0.5696
0.3857
0.2926
0.0211
0.2798
0.8007
0.1302
0.6801
0.7825
0.8702
0.9866
0.9849
0.3474
0.8785
0.6146
0.5845
0.4639
0.2703
0.1313
0.9157
0.1931
0.6115
0.1950
0.2072
0.0104
0.9427
0.2015
0.1347
0.7949
0.2594
0.0219
0.8585
0.0328
0.2437
0.9358
0.9237
0.5440
0.9906
0.9281
0.4333
0.3073
0.4024
0.8601
0.7271
0.1515
0.8163
0.2737
0.3063
0.5867
0.9660
0.6251
0.4045
0.6699
0.5668
0.1714
0.6605
0.6688
0.8801
0.7131
0.1111
0.2639
0.4449
0.5125
0.3193
0.9495
0.5348
0.0743
0.9330
0.6140
0.2011
0.3473
0.6139
0.2176
0.5083
0.6334
0.9523
0.8601
0.6804
0.4106
0.6390
0.3058
0.1762
0.1585
0.5572
0.2612
0.5206
0.0288
0.3260
0.0890
0.5300
0.9065
0.8103
0.2100
0.9912
0.0162
0.7941
0.7818
0.1568
0.3203
0.5410
0.9567
0.1201
0.8445
0.6106
0.7447
0.7410
0.1497
0.8699
0.3032
0.6438
0.2149
0.2966
0.6854
0.1143
0.0483
0.6740
0.2516
0.6352
0.5831
0.6418
0.8317
0.8841
0.1066
0.1104
0.7673
0.0036
0.3631
0.9751
0.5630
0.2575
0.1448
0.2614
0.1556
0.2722
0.1001
0.7945
0.2719
0.2073
0.1373
0.8276
0.3163
0.5667
0.4551
0.9147
0.7029
0.9102
0.7918
0.5309
0.5194
0.4618
0.7747
0.0785
0.3417
0.4269
0.4999
0.0377
0.5214
0.3218
0.3634
0.4809
0.5733
0.9575
0.0106
0.0067
0.6067
0.3029
0.6334
0.0068
0.8110
0.5077
0.4590
0.4412
0.6690
0.5149
0.2255
0.6915
0.0705
0.6169
0.2812
0.0408
0.8046
0.2862
0.6351
0.5795
0.8332
0.2059
0.9415
0.0639
0.0554
0.5821
0.3816
0.4788
0.9805
0.6512
0.3165
0.1182
0.5790
0.2030
0.7370
0.9981
0.2244
0.3625
0.5325
0.9818
0.2732
0.6553
0.9527
0.1744
0.0643
0.7349
0.7882
0.9735
0.2030
0.8255
0.3897
0.9217
0.3226
0.7308
0.1198
0.5892
0.7250
0.9668
0.4892
0.1916
0.2082
0.0871
0.7035
0.2400
0.7134
0.1810
0.3914
0.9719
0.6626
0.8446
0.5223
0.4224
0.8381
0.0477
0.7714
0.0248
0.0884
0.5444
0.7051
0.9147
0.9755
0.2864
0.0218
0.9286
0.5793
0.0670
0.2349
0.7127
0.7199
0.5972
0.1681
0.1437
0.3786
0.6605
0.2650
0.8238
0.3583
0.5010
0.7952
0.0620
0.9201
0.2808
0.8412
0.3825
0.5016
0.5019
0.0726
0.9736
0.7411
0.9941
0.7807
0.1662
0.2055
0.6059
0.8797
0.4977
0.0410
0.7057
0.5360
0.3643
0.6150
0.1384
0.5231
0.0761
0.0164
0.8291
0.4188
0.4434
0.6203
0.5690
0.1146
0.5147
0.9308
0.7567
0.3935
0.3921
0.6717
0.4897
0.3636
0.7003
0.0770
0.0124
0.9986
0.6572
0.6934
0.1318
0.4420
0.2635
0.0213
0.6921
0.2557
0.3725
0.8436
0.7763
0.0897
0.6209
0.5199
0.0791
0.8548
0.4903
0.0491
0.5357
0.6001
0.6162
0.3941
0.3724
0.9211
0.4332
0.7933
0.0003
0.9882
0.8098
0.1059
0.6468
0.1722
0.8517
0.9388
0.9507
0.3729
0.5617
0.1267
0.8581
0.9962
0.2817
0.4470
0.2914
0.9664
0.3991
0.7521
0.7657
0.6891
0.6145
0.2066
0.1276
0.8869
0.5461
0.0370
0.7393
0.8992
0.0974
0.5336
0.6955
0.9016
0.5303
0.5340
0.7534
0.1090
0.2729
0.1859
0.3417
0.6515
0.2738
0.6736
0.7110
0.4598
0.3630
0.2437
0.1490
0.3798
0.3693
0.7574
0.8843
0.4197
0.2372
0.2408
0.1339
0.2338
0.2783
0.1291
0.7773
0.4140
0.2443
0.9336
0.7975
0.8794
0.9178
0.2547
0.7613
0.7040
0.3402
0.5695
0.9743
0.1876
0.1279
0.2475
0.0711
0.1654
0.1903
0.5821
0.3326
0.0269
0.4510
0.1736
0.8423
0.8723
0.3393
0.6374
