0.2189
0.7222
0.3723
0.8267
0.0193
0.0609
0.1624
0.0472
0.8239
0.9213
0.4910
0.7238
0.9202
0.7049
0.9912
0.2303
0.4447
0.6675
0.6232
0.7690
0.6567
0.0758
0.8552
0.4475
0.9067
0.5662
0.8190
0.6313
0.6053
0.2388
0.0087
0.0546
0.7732
0.2506
0.3178
0.4017
0.0435
0.1919
0.9581
0.3832
0.3031
0.7060
0.7789
0.5895
0.5529
0.0364
0.5613
0.0612
0.7822
0.5901
0.9995
0.8078
0.0214
0.0959
0.3201
0.1381
0.2944
0.4577
0.2145
0.5301
0.3272
0.5577
0.0592
0.1793
0.7639
0.3828
0.1090
0.2575
0.0729
0.3872
0.5704
0.3868
0.5704
0.1632
0.1734
0.8894
0.9859
0.1416
0.6249
0.1996
0.3839
0.1905
0.8319
0.0533
0.3797
0.6426
0.1987
0.1266
0.3955
0.2164
0.8342
0.5700
0.6684
0.6309
0.9741
0.8081
0.6824
0.0529
0.9259
0.5379
0.3782
0.5383
0.1204
0.4501
0.9853
0.8000
0.0285
0.6456
0.5973
0.9547
0.7351
0.4243
0.5339
0.9528
0.3924
0.2462
0.4121
0.0822
0.2416
0.7110
0.8021
0.5141
0.4148
0.0933
0.5984
0.0711
0.6978
0.7825
0.9752
0.7287
0.7198
0.8496
0.5441
0.6167
0.9001
0.2201
0.0941
0.7448
0.4330
0.4935
0.0985
0.3881
0.3270
0.8211
0.1970
0.6478
0.1691
0.6161
0.5837
0.6331
0.5637
0.1898
0.9545
0.7974
0.7850
0.7635
0.4250
0.7616
0.6060
0.8067
0.5269
0.2215
0.6888
0.5744
0.6648
0.2995
0.4464
0.6385
0.3172
0.3158
0.1012
0.6800
0.3450
0.3070
0.9717
0.8296
0.7635
0.8420
0.6135
0.3358
0.3928
0.8325
0.3191
0.8034
0.4732
0.3836
0.4903
0.0993
0.5456
0.9901
0.9679
0.4518
0.9944
0.2029
0.6405
0.4686
0.2537
0.8736
0.7516
0.5333
0.2122
0.0514
0.6795
0.0282
0.0953
0.9208
0.6515
0.0145
0.2320
0.1247
0.2076
0.3222
0.8322
0.5764
0.2715
0.7759
0.4435
0.3060
0.1701
0.8506
0.9557
0.2540
0.3343
0.4718
0.7549
0.2685
0.8485
0.4154
0.5852
0.9638
0.8548
0.5741
0.5374
0.0494
0.0887
0.4026
0.2273
0.5199
0.6772
0.4777
0.5837
0.1330
0.3085
0.8324
0.3706
0.7926
0.2455
0.3170
0.1346
0.4836
0.6625
0.1207
0.0526
0.7680
0.8178
0.0903
0.3123
0.2866
0.4189
0.4706
0.0453
0.6409
0.9530
0.2410
0.9993
0.7840
0.1282
0.1871
0.5742
0.9537
0.3530
0.7813
0.1293
0.4425
0.0401
0.9228
0.6871
0.2988
0.7343
0.4147
0.7167
0.5553
0.9857
0.0822
0.6174
0.9340
0.6038
0.5801
0.6806
0.3016
0.1023
0.5435
0.8156
0.5483
0.5827
0.8797
0.1844
0.2382
0.2305
0.8693
0.2767
0.1783
0.4984
0.8382
0.4698
0.3703
0.4954
0.8377
0.5116
0.7450
0.7712
0.8100
0.0425
0.0952
0.0400
0.1129
0.9085
0.4418
0.6035
0.3473
0.9892
0.1693
0.2221
0.9107
0.3876
0.8658
0.5392
0.3972
0.5538
0.5064
0.4923
0.9414
0.2057
0.2948
0.6325
0.7328
0.2743
0.7887
0.4428
0.9212
0.3598
0.8062
0.3035
0.1781
0.4016
0.8844
0.0847
0.5631
0.8543
0.5401
0.7995
0.0642
0.5483
0.9009
0.9414
0.4328
0.8743
0.8067
0.5673
0.2617
0.4223
0.5092
0.4023
0.1936
0.1750
0.3189
0.1382
0.6437
0.9156
0.3946
0.5908
0.7423
0.4688
0.8627
0.0257
0.3670
0.1444
0.4813
0.1663
0.4471
0.6139
0.0671
0.9602
0.4259
0.7840
0.0766
0.8768
0.2413
0.4883
0.3351
0.9546
0.5561
0.2617
0.2204
0.0784
0.5913
0.2447
0.1710
0.0376
0.7428
0.5549
0.1301
0.8550
0.1863
0.4195
0.9250
0.1609
0.5482
0.5840
0.6777
0.6395
0.0796
0.8817
0.3549
0.4641
0.1597
0.5978
0.6295
0.3847
0.3487
0.9866
0.1803
0.5616
0.5492
0.1797
0.7827
0.5192
0.1780
0.9704
0.8637
0.2556
0.0686
0.6596
0.8886
0.5217
0.8337
0.2081
0.5660
0.0635
0.7790
0.0243
0.3435
0.6575
0.1688
0.3406
0.2578
0.7502
0.0617
0.6589
0.3569
0.1122
0.9246
0.5382
0.8945
0.8556
0.7019
0.0228
0.8555
0.1015
0.1692
0.6327
0.6844
0.1386
0.1030
0.9587
0.7034
0.4955
0.1053
0.4386
0.4087
0.1600
0.4151
0.7755
0.4618
0.5319
0.9427
0.5122
0.0315
0.0774
0.2349
0.4610
0.0497
0.4363
0.8354
0.8405
0.0996
0.3324
0.0825
0.9927
0.1461
0.8986
0.2782
0.1071
0.7293
0.4478
0.4224
0.8740
0.6544
0.2572
0.4019
0.0407
0.4802
0.1162
0.0154
0.6312
0.3185
0.8210
0.7689
0.3837
0.1238
0.2052
0.7847
0.4683
0.0824
0.4240
0.1337
0.8810
0.9866
0.5521
0.0774
0.5542
0.1762
0.8180
0.1824
0.6120
0.1745
0.4223
0.6724
0.5539
0.3873
0.7882
0.3210
0.2735
0.9465
0.2125
0.0169
0.5873
0.2129
0.9355
0.0292
0.3562
0.7188
0.2267
0.3050
0.3512
0.7914
0.7586
0.2601
0.8230
0.9812
0.7360
0.2522
0.5663
0.5809
0.6813
0.6998
0.8471
0.0517
0.2904
0.2576
0.8318
0.0561
0.9317
0.1694
0.3231
0.0682
0.1389
0.7307
0.6083
0.5896
0.6309
0.7800
0.5737
0.1970
0.2039
0.9619
0.2662
0.0062
0.8833
0.6997
0.8562
0.3964
0.7323
0.0299
0.9186
0.7653
0.0021
0.1117
0.3070
0.4168
0.4347
0.6393
0.9316
0.0033
0.8707
0.4855
0.3550
0.8970
0.3656
0.6270
0.6491
0.6991
0.7254
0.1078
0.0202
0.3642
0.7464
0.0724
0.1234
0.9226
0.2450
0.4709
0.2740
0.9350
0.4965
0.8539
0.3819
0.3834
0.2191
0.9566
0.8593
0.0881
0.6177
0.1286
0.8914
0.9964
0.6561
0.8448
0.6198
0.0316
0.8104
0.3111
0.7367
0.9865
0.9161
0.5039
0.6607
0.3745
0.9687
0.1461
0.1966
0.1310
0.6812
0.6524
0.8665
0.1273
0.2095
0.9677
0.4003
0.4438
0.4762
0.9121
0.0344
0.6407
0.0390
0.9191
0.3476
0.1595
0.0520
0.9939
0.8705
0.8629
0.3046
0.4324
0.1912
0.3724
0.8205
0.5534
0.5255
0.9817
0.6462
0.5902
0.4347
0.8973
0.4536
0.6138
0.9395
0.1281
0.1282
0.2178
0.9935
0.6092
0.9727
0.1168
0.1139
0.9044
0.4774
0.7050
0.9727
0.0612
0.7273
0.6025
0.9335
0.1486
0.9052
0.2628
0.8740
0.4013
0.0143
0.8413
0.3151
0.4677
0.0744
0.1806
0.5988
0.7344
0.7309
0.7956
0.6352
0.9162
0.2328
0.3406
0.2848
0.7748
0.9244
0.3616
0.4800
0.3782
0.5863
0.4194
0.5651
0.8854
0.2261
0.2424
0.4276
0.7011
0.3276
0.8505
0.5018
0.0404
0.9834
0.0415
0.5756
0.1163
0.5482
0.8474
0.2497
0.0126
0.7687
0.6294
0.6706
0.4124
0.2541
0.6186
0.8253
0.8304
0.2133
0.6010
0.1885
0.7143
0.3897
0.2785
0.9645
0.4002
0.3950
0.3954
0.1679
0.4460
0.1976
0.1088
0.1311
0.2390
0.7092
0.0421
0.6837
0.5449
0.4849
0.8365
0.1915
0.8420
0.4163
0.1138
0.4865
0.7723
0.3902
0.3398
0.6112
0.1017
0.0198
0.1045
0.0954
0.3915
0.7318
0.9202
