0.1586
0.2922
0.1105
0.2156
0.4838
0.0345
0.5554
0.7518
0.8699
0.4532
0.5894
0.4550
0.6186
0.7978
0.8905
0.6687
0.2322
0.0263
0.3776
0.7710
0.4974
0.9744
0.0925
0.3945
0.7349
0.2613
0.7300
0.7281
0.0897
0.5665
0.7138
0.1264
0.9713
0.3908
0.2239
0.7021
0.0532
0.4841
0.9972
0.6107
0.3423
0.3986
0.6155
0.6420
0.7750
0.5267
0.5356
0.0440
0.8903
0.4831
0.7837
0.9433
0.5129
0.5541
0.2849
0.8777
0.0703
0.8427
0.0322
0.9770
0.1799
0.8516
0.1244
0.4132
0.1329
0.9422
0.1657
0.3676
0.1732
0.9944
0.3337
0.2570
0.3246
0.1615
0.2111
0.2076
0.6493
0.7461
0.9233
0.7599
0.1803
0.4562
0.2770
0.8787
0.7970
0.4031
0.1364
0.7130
0.1628
0.2902
0.3946
0.4950
0.1325
0.1309
0.0783
0.8367
0.5649
0.7605
0.1373
0.9044
0.1018
0.3099
0.3872
0.2016
0.3616
0.1752
0.7709
0.3037
0.9853
0.3757
0.3158
0.6167
0.9537
0.2957
0.8029
0.6566
0.1314
0.0079
0.9556
0.2098
0.8677
0.8149
0.4704
0.2522
0.3365
0.0596
0.6744
0.9380
0.5079
0.6504
0.5828
0.9609
0.5855
0.2173
0.4321
0.0929
0.0228
0.8533
0.7776
0.7957
0.5906
0.7155
0.4977
0.4346
0.4608
0.2144
0.4147
0.1327
0.1350
0.8819
0.2742
0.6898
0.0439
0.5286
0.7524
0.3471
0.0860
0.7797
0.8984
0.0507
0.3516
0.8125
0.9647
0.3234
0.6006
0.6275
0.1053
0.3709
0.5616
0.2429
0.2387
0.7948
0.6270
0.9663
0.4465
0.6367
0.1637
0.3730
0.4344
0.4618
0.3899
0.2710
0.7538
0.5422
0.5828
0.0585
0.3272
0.5102
0.6023
0.0915
0.8479
0.7933
0.8301
0.1362
0.7545
0.5947
0.0191
0.4882
0.8581
0.9294
0.8664
0.2552
0.8226
0.2247
0.1152
0.8396
0.1139
0.3861
0.0327
0.8421
0.3119
0.0639
0.7084
0.9496
0.5809
0.7809
0.9632
0.1904
0.5852
0.4244
0.5439
0.8424
0.3050
0.2471
0.7139
0.8302
0.3698
0.0968
0.6735
0.1361
0.0990
0.8963
0.7533
0.2361
0.3027
0.9726
0.3270
0.9413
0.1895
0.1580
0.1260
0.4250
0.7730
0.6516
0.4134
0.8465
0.4312
0.3581
0.0239
0.3807
0.2051
0.1940
0.2838
0.8345
0.8004
0.7081
0.4518
0.0200
0.5579
0.7773
0.4638
0.1142
0.0147
0.9714
0.9388
0.9700
0.8736
0.8835
0.1746
0.1307
0.9203
0.8517
0.1908
0.0844
0.0661
0.7690
0.8154
0.5703
0.9672
0.6540
0.2333
0.7253
0.4021
0.7260
0.9950
0.1059
0.3806
0.5927
0.3556
0.1791
0.0841
0.5663
0.8775
0.3906
0.0285
0.8908
0.4386
0.2649
0.4340
0.8825
0.0989
0.0766
0.5001
0.0045
0.5120
0.4664
0.6623
0.0927
0.3566
0.7865
0.8561
0.3559
0.6842
0.3131
0.0159
0.6581
0.5620
0.6778
0.3720
0.6101
0.2776
0.4906
0.9596
0.9123
0.9018
0.6917
0.7020
0.8975
0.6271
0.7549
0.8761
0.0579
0.1157
0.7406
0.6817
0.5652
0.7307
0.1044
0.8699
0.6148
0.0580
0.8182
0.8467
0.4085
0.7123
0.2935
0.0456
0.8432
0.5770
0.4674
0.7055
0.4274
0.7862
0.2185
0.4595
0.0670
0.2120
0.1819
0.9882
0.9382
0.3424
0.7480
0.2465
0.1939
0.3289
0.9257
0.2895
0.0928
0.8121
0.7426
0.6761
0.1903
0.0794
0.1723
0.0871
0.7723
0.7066
0.5212
0.8089
0.9741
0.0049
0.2035
0.7633
0.7426
0.5428
0.5508
0.8825
0.8143
0.3945
0.1830
0.6714
0.4200
0.1214
0.5753
0.8485
0.0715
0.0954
0.9143
0.4720
0.0003
0.1596
0.2166
0.7990
0.1634
0.9951
0.7911
0.9040
0.5504
0.8037
0.2307
0.0010
0.0639
0.7347
0.7397
0.1313
0.6584
0.2683
0.6287
0.9359
0.6532
0.5958
0.0288
0.0516
0.9122
0.9279
0.2767
0.5008
0.7092
0.1700
0.9916
0.4617
0.7440
0.4862
0.1888
0.3234
0.4592
0.9193
0.0110
0.7732
0.5883
0.4326
0.1924
0.9331
0.2208
0.4467
0.3746
0.6016
0.6920
0.5892
0.1709
0.7346
0.6128
0.8805
0.3269
0.5385
0.5575
0.3061
0.6973
0.2184
0.2576
0.9402
0.7984
0.9988
0.6258
0.5739
0.7487
0.4793
0.9421
0.8552
0.2245
0.0651
0.9817
0.1337
0.2761
0.4226
0.6156
0.7533
0.6992
0.8491
0.8972
0.8242
0.6597
0.9461
0.3912
0.7098
0.0305
0.6460
0.3359
0.9218
0.9763
0.9686
0.8694
0.9020
0.5320
0.5661
0.3743
0.8141
0.2962
0.8775
0.1682
0.5407
0.4421
0.6593
0.0237
0.2790
0.0887
0.5320
0.6220
0.5592
0.9928
0.7880
0.3642
0.7971
0.9748
0.8979
0.6252
0.2437
0.9247
0.9020
0.3298
0.4746
0.9167
0.3740
0.2068
0.7856
0.2328
0.4359
0.1200
0.2721
0.5130
0.0641
0.5865
0.3820
0.8181
0.4846
0.5160
0.6475
0.8883
0.9176
0.8949
0.8848
0.7786
0.5888
0.0419
0.7410
0.8710
0.6291
0.8566
0.6785
0.3409
0.3601
0.5446
0.9699
0.3852
0.4783
0.8168
0.3576
0.0561
0.0054
0.2338
0.1060
0.6602
0.4777
0.8117
0.9889
0.6661
0.9477
0.7542
0.3562
0.8163
0.4773
0.4123
0.4114
0.2345
0.7305
0.5428
0.6742
0.4456
0.9671
0.6009
0.2300
0.4984
0.5142
0.8511
0.4800
0.7514
0.0779
0.4753
0.1389
0.6121
0.2850
0.0441
0.7850
0.2675
0.8056
0.9406
0.3633
0.7277
0.4554
0.6830
0.5076
0.6174
0.9647
0.6721
0.8915
0.3507
0.3550
0.1437
0.1814
0.6855
0.2541
0.6624
0.3105
0.0545
0.1680
0.8030
0.1697
0.3775
0.7907
0.3120
0.1797
0.5864
0.0980
0.9876
0.5678
0.1572
0.6466
0.4133
0.1037
0.6885
0.7903
0.4623
0.6161
0.0202
0.3030
0.2186
0.6760
0.4260
0.0920
0.8793
0.3199
0.0786
0.7627
0.4589
0.9234
0.3903
0.9100
0.0275
0.9030
0.8181
0.4547
0.4515
0.0628
0.8699
0.3834
0.5942
0.9570
0.7923
0.1976
0.4556
0.1506
0.7228
0.5677
0.1757
0.8371
0.1946
0.3003
0.2563
0.4988
0.2613
0.4078
0.4956
0.3296
0.4614
0.1090
0.2871
0.3282
0.8804
0.7781
0.5826
0.8486
0.8390
0.9919
0.3039
0.0661
0.6582
0.1596
0.1035
0.7505
0.6857
0.0950
0.2916
0.0806
0.8642
0.9543
0.9651
0.1013
0.8818
0.7755
0.9416
0.0028
0.4786
0.2502
0.9716
0.6813
0.9789
0.9551
0.6388
0.3887
0.8843
0.5587
0.8176
0.2250
0.0230
0.9509
0.8754
0.3466
0.1075
0.6555
0.1063
0.1242
0.0305
0.9527
0.3912
0.9339
0.6216
0.2390
0.9888
0.6739
0.1238
0.1787
0.1079
0.9684
0.1199
0.4475
0.1426
0.0170
0.3626
0.9361
0.8986
0.9564
0.5675
0.7689
0.0685
0.8848
0.2778
0.3840
0.5700
0.9815
0.2671
0.2477
0.6853
0.9741
0.1916
0.7099
0.5322
0.7342
0.0577
0.7770
0.3937
0.0180
0.6775
0.3153
0.3466
0.8003
0.8760
0.7426
0.4061
0.6896
0.4964
0.2438
0.1699
0.9293
0.1333
0.1314
0.0840
0.5129
0.1833
0.2838
0.7137
0.8202
0.3847
0.4428
0.4728
