0.0041
0.3203
0.9199
0.3181
0.2017
0.5377
0.9370
0.2883
0.8557
0.2976
0.8972
0.4650
0.0224
0.4998
0.4410
0.2096
0.1025
0.9429
0.6995
0.7476
0.7436
0.0793
0.6107
0.4749
0.1987
0.7505
0.2133
0.8697
0.5862
0.0319
0.5660
0.7565
0.9606
0.7390
0.9609
0.8097
0.4378
0.2260
0.4671
0.0338
0.7021
0.1407
0.7163
0.5925
0.1475
0.4228
0.4258
0.0864
0.3699
0.8090
0.5379
0.2322
0.4459
0.2205
0.5139
0.9246
0.0046
0.3327
0.5961
0.6386
0.5824
0.2243
0.9569
0.3246
0.5812
0.4391
0.2721
0.2988
0.2430
0.3826
0.1235
0.4503
0.6714
0.5216
0.4610
0.5744
0.7738
0.7178
0.6971
0.7248
0.7447
0.5932
0.2895
0.2236
0.9885
0.4822
0.5879
0.6419
0.8307
0.7106
0.0090
0.1431
0.5577
0.5767
0.3995
0.0250
0.1119
0.9450
0.7353
0.5823
0.0996
0.2202
0.0631
0.1126
0.5824
0.6926
0.7961
0.5475
0.7941
0.8466
0.9912
0.7711
0.6678
0.4741
0.6082
0.5314
0.6664
0.7143
0.8806
0.9013
0.4974
0.5516
0.4165
0.8664
0.8726
0.1742
0.4809
0.9000
0.2267
0.2638
0.3145
0.5024
0.5795
0.1378
0.7848
0.8737
0.0527
0.4812
0.1984
0.4215
0.7022
0.9419
0.8340
0.8624
0.5241
0.2116
0.8921
0.1955
0.1821
0.5192
0.1990
0.3851
0.2831
0.9645
0.8808
0.0743
0.3573
0.6408
0.1615
0.8786
0.0214
0.7299
0.7751
0.8663
0.8614
0.2058
0.0102
0.6614
0.4074
0.1574
0.8018
0.1806
0.1465
0.0215
0.0110
0.5933
0.2557
0.8375
0.3022
0.5469
0.9629
0.9590
0.3431
0.0883
0.8671
0.5072
0.0622
0.3288
0.7692
0.6154
0.0326
0.9984
0.7524
0.8299
0.3481
0.9412
0.8838
0.9349
0.6367
0.6162
0.6642
0.7157
0.6565
0.1372
0.9405
0.4312
0.1307
0.6051
0.3420
0.6948
0.9860
0.1143
0.0232
0.1431
0.5395
0.2458
0.5547
0.9825
0.1418
0.3081
0.3908
0.3431
0.6760
0.1752
0.1998
0.5894
0.6904
0.1172
0.9553
0.3538
0.5437
0.4499
0.7463
0.7491
0.0682
0.3288
0.8458
0.3771
0.0064
0.7264
0.4456
0.8913
0.8587
0.5715
0.8463
0.7951
0.5788
0.2069
0.5347
0.8884
0.5333
0.3278
0.6713
0.3069
0.4781
0.9108
0.1782
0.0642
0.0627
0.4153
0.2926
0.0022
0.4809
0.0207
0.8131
0.2417
0.7189
0.0070
0.5901
0.0957
0.8617
0.6363
0.5099
0.7313
0.4730
0.3182
0.3547
0.9120
0.8223
0.6730
0.9729
0.3515
0.3600
0.1157
0.5646
0.4269
0.6390
0.9747
0.7812
0.8130
0.7307
0.3787
0.9786
0.3653
0.0355
0.5781
0.1786
0.3561
0.5927
0.1689
0.1448
0.1310
0.5658
0.0144
0.9706
0.3446
0.0682
0.2301
0.5567
0.6802
0.1588
0.2341
0.8775
0.0856
0.9928
0.6381
0.6110
0.6430
0.8416
0.1460
0.9998
0.9033
0.0339
0.3139
0.2444
0.5892
0.7194
0.7792
0.0858
0.9743
0.5819
0.2765
0.3029
0.4250
0.8050
0.8147
0.0500
0.4542
0.8764
0.6387
0.2544
0.4133
0.8501
0.8643
0.9919
0.7321
0.4931
0.4308
0.0545
0.1798
0.1430
0.3159
0.2004
0.8734
0.6242
0.0886
0.3368
0.8730
0.2547
0.0510
0.3682
0.0299
0.4015
0.6637
0.2605
0.1450
0.3627
0.5162
0.1429
0.4414
0.2431
0.7423
0.3712
0.6730
0.7059
0.4453
0.5139
0.5048
0.6150
0.7182
0.9143
0.1693
0.8204
0.2083
0.3155
0.0760
0.6362
0.9367
0.6714
0.9429
0.5642
0.0316
0.6863
0.5540
0.2623
0.8271
0.7045
0.8649
0.2832
0.6245
0.8961
0.3329
0.1367
0.5948
0.9452
0.3910
0.1428
0.2149
0.3670
0.5920
0.2337
0.0472
0.9017
0.4045
0.6554
0.8060
0.9221
0.6530
0.0457
0.3613
0.2025
0.9307
0.5180
0.7935
0.1887
0.4355
0.6357
0.7647
0.5038
0.5371
0.9666
0.3838
0.7003
0.9098
0.4482
0.3413
0.2633
0.8971
0.7427
0.5527
0.2658
0.4247
0.6640
0.0227
0.9721
0.1756
0.8119
0.2963
0.1081
0.6955
0.3522
0.3077
0.2195
0.0168
0.0381
0.1921
0.6434
0.6907
0.5447
0.1948
0.9412
0.5645
0.7860
0.3880
0.1784
0.7755
0.4752
0.1076
0.5995
0.4002
0.6482
0.2507
0.2829
0.4090
0.7807
0.8563
0.0271
0.4014
0.0758
0.9784
0.8279
0.6170
0.4649
0.9592
0.7510
0.3864
0.0728
0.0942
0.4723
0.4331
0.9400
0.5934
0.9573
0.6424
0.7925
0.9878
0.2159
0.3151
0.8311
0.8459
0.9523
0.2955
0.5095
0.8476
0.9877
0.3078
0.3796
0.6351
0.2725
0.7088
0.6576
0.3694
0.9881
0.8522
0.0185
0.9646
0.9631
0.2097
0.2263
0.5587
0.0580
0.7710
0.1646
0.1201
0.7411
0.3383
0.3203
0.4708
0.6713
0.9383
0.2943
0.1125
0.7068
0.5315
0.8866
0.2634
0.0441
0.2303
0.5259
0.4193
0.9522
0.6578
0.8097
0.2479
0.4769
0.2310
0.6797
0.2202
0.0882
0.5808
0.6068
0.8385
0.0569
0.8001
0.6430
0.5880
0.3025
0.5706
0.1760
0.1591
0.2263
0.2448
0.3366
0.5308
0.6609
0.8579
0.0535
0.8913
0.8886
0.1756
0.5093
0.1104
0.6220
0.9905
0.9313
0.7610
0.7688
0.7408
0.6979
0.8507
0.3276
0.6608
0.3896
0.5260
0.4391
0.1573
0.7147
0.9317
0.5989
0.8378
0.1285
0.2819
0.3502
0.4245
0.5644
0.8880
0.8131
0.1530
0.1242
0.8140
0.3440
0.9179
0.2122
0.8395
0.1393
0.5717
0.8291
0.9045
0.1444
0.2118
0.1201
0.7935
0.2730
0.8175
0.8484
0.8205
0.0970
0.1591
0.2603
0.3662
0.0387
0.0731
0.4623
0.7670
0.5027
0.3997
0.0683
0.6632
0.7070
0.6539
0.2458
0.9393
0.2905
0.4225
0.3604
0.4081
0.7935
0.1637
0.9822
0.3237
0.3883
0.1513
0.3703
0.3513
0.0187
0.7480
0.6445
0.6786
0.0672
0.8247
0.6414
0.8907
0.1354
0.6848
0.0002
0.6777
0.0223
0.8750
0.1570
0.0130
0.8451
0.1580
0.1789
0.1031
0.9608
0.8063
0.4719
0.8645
0.5023
0.7582
0.8324
0.8094
0.6830
0.8291
0.3338
0.0822
0.5293
0.1706
0.8908
0.7155
0.4925
0.8150
0.6284
0.4785
0.5040
0.9146
0.7878
0.0803
0.2209
0.4566
0.6238
0.2062
0.8580
0.7834
0.0754
0.3915
0.7801
0.9025
0.2780
0.6217
0.6439
0.1204
0.2787
0.4743
0.5437
0.5656
0.3453
0.4722
0.8940
0.7609
0.0228
0.1512
0.8373
0.0041
0.4314
0.3299
0.7197
0.1592
0.5793
0.3948
0.4890
0.2875
0.9644
0.3194
0.0789
0.2836
0.6832
0.8937
0.2342
0.1299
0.1649
0.5137
0.0992
0.6026
0.6242
0.0125
0.1133
0.3113
0.2081
0.4836
0.5831
0.8884
0.5986
0.6232
0.5417
0.7207
0.1531
0.5409
0.1720
0.0749
0.0868
0.9197
0.8697
0.1389
0.9846
0.6969
0.3888
0.3563
0.6946
0.7985
0.5860
0.8952
0.4553
0.0783
0.9942
0.3026
0.2101
0.4470
0.7063
0.8405
0.2281
0.8703
0.8617
0.9891
0.5105
0.5194
0.9760
0.0922
0.2225
0.5191
0.9431
0.9248
0.1179
0.5566
