0.3408
0.0781
0.4331
-0.5322
0.5590
-0.6421
-0.1325
0.2423
0.8945
0.6099
-0.7998
0.8345
-0.9343
-0.1561
-0.9705
0.0573
0.0124
-0.2361
-0.9284
0.1055
0.8350
-0.4427
-0.4268
0.0587
-0.2645
-0.9570
-0.7729
-0.8248
0.9877
-0.5448
1.5220
0.7713
2.8071
3.3604
2.5568
2.6732
2.9552
1.9728
2.8130
2.1511
1.6268
3.0025
1.9387
1.4892
1.0013
0.8046
0.0501
-0.9396
0.0775
0.5915
0.6584
-0.4256
0.4019
0.5662
0.4479
0.9323
-0.0445
0.4841
0.7222
-0.8208
0.9251
0.1425
0.3127
0.5149
-0.4211
0.4335
-0.6019
0.2966
0.4596
0.0504
-0.6003
-0.8582
0.9103
-0.6251
-0.8922
-0.3082
-0.1053
0.7547
-0.2353
0.6939
-0.1394
0.7341
-0.1550
-0.2391
-0.1461
0.9402
0.3576
-0.4111
-0.0470
-0.5219
0.3223
-0.3813
0.2503
-0.8609
0.0381
0.0801
0.0540
0.5891
0.4896
0.2661
-0.3972
-0.6929
-0.5393
0.6948
-0.9388
-0.3015
-0.5554
0.1899
0.2569
-0.2403
0.4595
-0.8010
-0.3356
0.0978
-0.4430
-0.0329
-0.9763
0.3242
-0.2635
0.8112
0.9693
0.4630
-0.2909
0.0899
0.1563
0.1312
-0.4603
0.4298
-0.1300
1.9288
2.8768
2.8062
1.6209
1.7731
2.2913
3.0083
2.7686
3.4779
1.7903
2.2754
2.0564
3.1837
3.4551
2.7036
2.1529
2.3210
2.1340
2.8210
2.2606
0.5375
-0.1647
0.8172
-0.1050
0.0894
0.4723
-0.7642
-0.9180
0.3771
-0.9718
0.2184
-0.7738
0.6377
-0.5834
0.3085
0.7184
0.6526
-0.6072
-0.0871
0.1541
-0.1689
-0.2665
-0.5558
-0.6367
-0.5050
0.3998
-0.8593
-0.3248
-0.3608
0.7388
-0.3014
-0.9163
-0.1764
0.1594
-0.1807
-0.6208
0.1346
0.7301
0.5458
0.4514
0.9929
-0.4178
-0.0528
0.4407
-0.7980
-0.9774
0.7013
-0.6893
-0.7204
0.7387
-0.7769
-0.3994
-0.7164
0.1763
0.1790
-0.0968
0.0976
0.7335
-0.4343
-0.0858
-0.9829
-0.4215
-0.5761
-0.3451
0.6129
-0.5960
-0.2458
0.3345
-0.3927
0.9435
-0.9376
-0.1937
0.0608
-0.7110
-0.0898
0.7255
0.2461
0.0903
1.4978
3.3619
2.4583
2.0358
3.1656
3.1053
1.8065
3.4328
1.9234
2.1846
2.5130
3.0241
2.3820
1.6845
2.4941
2.1693
1.6581
1.5632
2.9327
3.2616
1.9465
1.9266
2.7101
2.5322
1.3564
0.7299
0.6399
-0.1536
0.9780
-0.4203
0.6043
-0.8180
-0.0447
-0.1605
0.8291
0.6776
0.2858
-0.6067
-1.7181
-1.7413
-1.8962
-1.4014
-0.2470
0.9977
0.2107
0.4252
0.0996
0.6808
-0.2272
-0.5728
0.7468
-0.1733
-0.9598
0.3436
0.8054
-0.2921
-0.6877
-0.1773
0.7206
-0.9083
0.6904
-0.9947
0.6912
-0.4758
-0.9831
-0.4729
-0.6161
0.4379
-0.4208
-0.8457
-0.7549
-0.4549
-0.0479
0.7937
0.1951
0.6195
-0.4241
0.5889
-0.1256
0.0758
0.3377
-0.2874
-0.2334
0.4341
-0.6437
-0.0622
-0.5722
-0.9790
-0.0377
-0.4088
0.4728
0.0698
-0.5519
-0.7215
-0.0356
0.3964
-0.9869
0.4617
1.4963
1.4798
2.4986
2.7347
2.5375
3.2468
3.5147
2.3616
1.9018
1.6904
2.9391
3.0066
2.8998
3.1372
2.3338
2.4826
3.2415
3.4578
3.2071
2.5339
3.1506
2.1852
2.6727
2.5441
2.3363
2.4180
2.8787
3.2704
2.6690
2.2842
1.5135
-0.8843
0.4195
-0.8299
0.6099
0.6297
-0.7827
-1.3881
-3.7680
-5.7657
-6.0443
-4.1609
-4.5568
-5.2772
-3.5019
-1.9560
-0.5603
0.5329
0.1764
-0.0353
-0.5408
-0.5385
-0.7578
-0.0213
-0.7674
0.0039
0.6626
-0.5987
-0.3526
-0.9418
0.5017
-0.9175
0.0232
-0.4440
-0.1331
-0.2419
-0.0431
0.6033
-0.9622
-0.0054
0.6038
-0.2226
-0.3322
-0.8002
0.1531
-0.6061
0.3422
-0.9422
0.6818
-0.2220
0.8421
0.3473
-0.1035
-0.2459
0.7292
0.3673
-0.6459
-0.3690
-0.8019
0.7594
0.4314
0.2814
-0.0539
-0.6269
0.0810
-0.3252
0.8126
0.9076
-0.8069
1.9285
2.9970
2.9347
2.3807
2.8925
1.7191
2.5717
1.8036
1.7260
2.0916
3.0799
2.6805
2.1917
3.4854
1.7095
3.3968
1.6927
1.7368
2.0943
2.7374
3.1209
2.5016
1.9632
1.9761
3.3631
2.3394
2.5081
3.1474
2.1417
2.1170
2.0929
1.8237
1.3366
1.1359
-0.7957
0.2597
-1.6702
-3.2181
-4.7568
-4.9362
-5.7218
-4.3050
-4.6989
-4.1857
-4.2568
-5.2087
-5.4417
-2.6252
0.4128
0.6900
-0.9272
0.7690
0.6399
0.6226
0.7752
-0.8718
0.0391
0.1276
-0.8074
0.1519
0.3889
0.0117
0.3032
-0.5958
0.2525
-0.4446
0.4665
0.1050
-0.9235
0.9694
-0.1300
0.9792
0.9992
-0.6178
-0.4039
-0.5306
0.9488
0.9154
0.2973
0.5185
0.7278
0.8612
-0.3368
-0.3888
-0.9319
0.0915
0.1533
-0.7337
-0.8183
0.0789
0.2618
0.4469
-0.2295
-0.6717
-0.9402
0.9991
0.6114
0.6061
0.0133
1.6153
2.6565
2.7570
2.8574
1.6470
3.4686
2.0268
2.9396
1.6934
2.6363
1.9521
2.5876
3.0698
2.8240
2.9095
1.5624
2.9108
2.4130
3.5001
3.3783
2.6581
2.4617
2.7161
3.4242
2.8401
2.0545
2.7353
3.0185
2.2567
2.7595
2.7956
1.9313
2.2362
3.2929
1.7677
1.9457
-1.4479
-5.1497
-4.7015
-4.8503
-5.0121
-5.7607
-4.4783
-4.5219
-4.8352
-4.7377
-4.6473
-6.0661
-5.2370
-3.8947
-0.8399
0.2186
-0.4550
0.0246
0.7680
0.5715
0.4855
0.4992
0.6026
-0.6754
-0.4051
-0.2330
0.0881
-0.7765
-0.8645
-0.4480
0.6756
-0.9147
0.4279
-0.4303
-0.5263
-0.1109
0.7454
0.4623
-0.3515
-0.7725
-0.5051
0.8755
0.8778
0.4342
0.3304
0.0385
0.6732
0.2862
-0.2393
-0.8231
0.3114
0.1661
0.9557
-0.8288
0.5382
0.4190
-0.9712
0.4657
-0.9309
-0.0372
0.5210
0.9046
-0.0399
2.0627
2.8755
3.4077
2.3279
2.8060
3.1048
4.2439
3.4325
4.4867
3.6864
3.3739
4.1140
5.0053
4.5753
3.2280
2.3365
2.8257
2.2967
3.2875
3.3844
1.6817
1.5809
3.4002
2.8303
2.9460
3.1902
2.8841
3.1378
3.2695
2.9780
2.1875
2.0430
3.2171
2.2437
2.1471
2.8236
0.6941
-2.7660
-3.8791
-3.3870
-4.3780
-5.3543
-5.5165
-5.9914
-4.2495
-5.6401
-5.0463
-4.5801
-5.7276
-5.8251
-4.4053
-2.5928
-0.9706
0.6675
0.6980
0.6941
-0.0429
0.1560
0.2208
0.8195
-0.6318
0.4997
-0.7937
0.2399
0.9217
-0.9556
0.7136
-0.3427
0.6584
0.1097
-0.9423
0.5286
0.3987
-0.1103
-0.2332
0.9384
-0.7282
-0.9694
-0.4808
0.3432
-0.9394
-0.5107
-0.8540
0.6969
0.1471
0.3736
-0.8593
-0.3220
0.2597
-0.6590
0.6485
-0.4126
0.7712
-0.4007
-0.6009
-0.6721
0.5604
0.6640
1.3554
2.7372
2.5819
2.6597
1.8126
2.9121
3.2707
4.1593
5.6499
4.1743
4.4047
4.4764
4.1076
5.5975
5.9976
4.9611
5.2142
4.6407
4.9899
5.0603
2.8272
3.6282
1.5760
2.1131
2.9331
3.2154
3.0516
1.6712
3.0533
3.0585
2.3910
1.6880
2.3160
2.1097
1.9488
1.9365
3.4726
0.8395
-2.8699
-3.1304
-2.2520
-2.0137
-3.0002
-4.2913
-4.1508
-6.0449
-4.4942
-4.4570
-4.2086
-6.0697
-4.8915
-4.4788
-5.5225
-4.9132
0.8665
0.4365
-0.1079
0.3587
0.0099
-0.3957
0.5877
0.2660
0.6367
0.4705
0.4441
-0.8123
-0.6986
0.3696
0.6781
0.0155
-0.1421
-0.5921
-0.1224
-0.9774
0.7691
-0.0276
0.0979
0.1248
0.5817
0.2939
0.5015
-0.9645
0.2301
0.6349
0.9217
0.9835
0.1381
0.6846
-0.8596
0.4224
-0.9101
0.7465
0.8650
-0.9501
-0.8601
0.9068
0.9078
-0.3165
-0.4250
1.5780
1.7988
2.1496
3.2186
2.8243
4.5031
5.8814
4.6818
5.7913
4.2648
4.3879
5.7657
4.8585
5.4730
4.4079
5.6499
4.2238
5.7482
4.1144
5.9509
5.0375
4.4317
4.7579
4.1589
4.3893
2.9463
2.8591
2.5611
3.4989
3.2487
3.1828
2.4792
1.8267
2.4518
1.8715
3.0477
3.2634
0.5373
-2.5277
-1.6615
-2.6023
-2.0329
-2.4702
-2.8752
-2.0565
-3.4030
-5.5512
-5.3285
-5.7196
-5.0937
-5.6785
-5.2015
-4.6951
-5.8260
-5.4111
-1.9309
0.4357
0.3270
0.6306
-0.0621
0.3721
-0.5072
0.2678
-0.5257
-0.1177
-0.7988
-0.0997
-0.1411
-0.1040
-0.5191
0.8589
-0.1668
0.1961
-0.7689
-0.0359
-0.1636
0.3737
0.1351
0.5163
-0.2318
-0.2726
-0.0454
-0.8026
0.6887
0.4235
0.9678
0.3714
-0.1829
0.2459
0.2596
0.1740
0.4909
0.9709
-0.6729
-0.7404
-0.9487
0.5298
-0.8275
-0.0525
1.6677
2.3692
2.6330
1.7319
2.7821
4.4031
4.3068
6.0635
4.4563
4.9506
5.0423
5.5794
4.3881
5.0689
5.3703
5.9651
4.3376
4.0746
4.5573
5.5632
4.1188
4.4632
4.2810
5.7834
6.0702
5.0357
5.0961
4.6618
3.7002
2.0593
1.6121
3.4492
2.5922
3.5084
1.8066
3.2053
2.1102
1.0613
-1.7863
-3.4746
-2.6556
-3.2350
-2.3431
-3.2753
-2.5220
-1.6637
-1.6526
-1.9526
-4.3049
-4.3822
-4.9435
-4.9459
-5.1701
-4.1695
-4.5456
-5.9277
-1.3842
-0.2717
-0.4701
0.5063
0.2469
-0.2137
0.0783
0.9391
0.1000
-0.8963
0.5542
-0.0290
-0.9966
0.6018
0.9693
0.8138
0.7261
0.4997
-0.7730
0.0220
0.2750
-0.8071
-0.7257
0.7045
0.7447
-0.0303
-0.9713
0.2192
0.6760
0.2046
0.5659
-0.5094
0.8456
-0.3201
-0.9329
-0.1480
-0.4849
-0.6426
0.8736
-0.4279
0.9360
0.9881
0.6010
1.2628
3.0049
2.7822
3.4516
2.3028
4.2020
4.1404
4.9844
5.7633
5.9225
4.9602
4.2983
4.2482
4.7726
4.8135
5.8084
5.9205
5.7433
5.2775
4.9395
4.6936
5.4290
5.8064
5.8714
5.9111
5.2245
5.0418
5.7788
5.9252
5.4678
4.9382
5.0570
2.6670
2.6162
2.1099
2.1357
1.7628
3.2978
-1.2950
-2.2692
-2.0594
-3.0929
-2.7024
-3.2995
-3.2977
-3.1112
-1.6527
-1.6073
-2.9878
-1.7846
-2.1028
-3.6145
-4.6694
-5.3195
-4.7872
-4.7380
-5.4112
-2.2753
-0.7397
-0.4882
-0.8125
-0.8184
-0.6703
-0.0583
-0.7778
-0.3843
0.7261
-0.3046
0.9202
0.4778
-0.8950
0.2928
-0.6477
0.6690
-0.4457
0.4817
0.5051
0.8830
-0.3696
0.2335
-0.6197
-0.5710
-0.2877
0.9227
-0.0876
-0.2284
0.7207
-0.5126
-0.7012
-0.9532
-0.4209
0.2541
0.2358
0.0176
-0.9784
0.2368
0.4797
0.1905
0.8165
0.4009
1.8182
2.0090
2.4185
3.0460
5.7815
5.7094
4.1863
5.1935
6.0931
6.0004
5.9514
4.5412
5.9516
5.1786
4.7386
4.9735
4.6846
5.5991
5.8556
5.1770
4.3985
5.9463
6.0848
5.9671
4.4973
4.7424
5.4149
4.5372
4.6605
5.9424
5.8551
5.7416
4.3273
5.7996
4.7503
2.7997
-0.0544
-3.0967
-1.6180
-3.1963
-2.8797
-1.8386
-2.4694
-1.6636
-2.0958
-3.1220
-2.2588
-2.3372
-3.3795
-2.8336
-3.0364
-3.4442
-3.3499
-4.3434
-5.0004
-5.3273
-5.4110
-1.6286
-0.5553
-0.4436
-0.7034
-0.9942
-0.6114
-0.3289
0.3989
-0.6369
0.3657
0.1654
-0.8973
0.9508
-0.2976
-0.9617
0.2739
-0.3822
-0.3396
-0.1661
0.7786
0.8963
0.5114
-0.6640
0.7852
0.7888
0.5583
0.2507
-0.6654
0.9326
0.5751
-0.5334
0.2129
-0.6274
-0.9712
-0.9366
0.7878
0.0142
0.3275
-0.1105
0.9415
0.4803
0.0441
2.9486
3.4051
2.5304
2.4410
5.6405
4.9558
4.6030
4.7323
5.5755
4.4035
5.0042
4.1228
4.9736
4.3790
4.2516
5.5464
4.1307
4.7460
5.6822
5.3089
4.5325
4.5206
5.0111
4.5913
5.3573
4.6696
5.8115
6.0488
5.8696
4.2426
5.7638
5.1464
4.2229
5.0294
2.0928
1.0774
-0.8015
-0.8246
-1.7303
-2.1397
-3.0269
-3.1038
-2.0892
-1.6648
-1.5829
-3.3531
-2.1874
-2.6419
-2.7708
-1.6709
-3.3165
-3.3954
-2.4867
-1.8917
-3.5201
-5.1215
-5.5082
-5.0203
0.4147
0.7603
-0.5467
-0.4212
-0.4802
0.5500
-0.6669
-0.7899
-0.5040
0.8293
-0.4349
-0.3370
0.4775
-0.5134
-0.4707
0.5790
-0.8446
-0.8411
-0.9147
-0.0692
0.3784
0.7167
0.4537
0.9251
0.3756
-0.1282
0.8575
0.2239
-0.1531
-0.0186
0.6033
-0.2609
0.7338
0.4294
-0.0845
0.5392
-0.4801
-0.9808
-0.7719
-0.4778
0.7495
3.2984
2.2881
1.6042
2.7035
5.2929
5.3751
4.1184
5.1360
5.9158
5.6989
6.0654
5.4058
4.9757
5.7951
5.2613
4.1036
5.0563
4.1526
6.0053
3.8689
4.5950
4.1649
3.3160
4.1793
3.8067
4.4729
4.5371
5.1017
5.3533
4.3144
5.4806
5.8598
5.1729
2.8261
0.8960
-0.8864
-0.7058
0.8435
-0.5989
-0.2365
0.0032
-0.7630
-0.7126
-1.4359
-1.8714
-2.4674
-2.3528
-3.1720
-2.3646
-1.8447
-1.7143
-2.0229
-2.3515
-2.0345
-2.9174
-2.2532
-1.8996
-3.4052
-2.8265
0.8659
-0.3818
-0.1837
-0.8761
0.4755
0.1300
-0.0533
0.1481
0.6860
-0.5471
0.3416
0.3677
0.7984
-0.9122
0.9730
0.4930
-0.1226
-0.0194
-0.7753
-0.9043
0.3714
-0.0812
0.9523
-0.3320
0.6681
0.1600
0.2867
0.2810
-0.5595
-0.1191
-0.2163
0.0124
-0.1941
0.6134
0.3649
-0.8894
-0.8202
0.0003
-0.3149
0.8913
3.3898
2.6159
2.8666
2.1952
3.0905
5.3629
6.0165
5.0741
5.6876
4.9104
5.1404
4.1659
6.0109
6.0890
4.5089
5.6763
4.6365
5.0096
4.2610
4.1351
2.7300
2.2405
1.7215
2.9944
2.5873
2.6048
2.4812
3.1315
4.9998
4.9141
4.6917
5.2131
3.5287
0.0008
0.6188
-0.3525
0.9440
-0.5848
0.0322
0.8052
-0.0409
0.5310
0.4714
-0.5119
-0.5204
0.3718
-0.5567
-0.9989
0.5491
-1.3470
-0.9722
-2.4703
-1.8188
-2.2552
-2.3569
-1.9545
-3.4491
-3.3000
-2.2284
0.8858
-0.0246
-0.5950
-0.1849
0.3462
-0.3860
0.4346
-0.5480
0.7550
0.3070
0.3551
-0.6162
0.7729
-0.0427
-0.1012
0.9785
-0.4528
0.1665
0.7722
-0.9506
0.7666
-0.5357
0.0279
0.4249
-0.9780
0.5187
-0.0088
0.4577
-0.9464
-0.1700
0.3697
0.1753
-0.5445
-0.1549
0.9727
-0.5748
-0.0280
-0.9471
0.0977
2.6877
3.4656
2.0831
3.3373
1.9257
2.4192
4.9502
6.0651
4.3284
4.5803
5.4299
4.5494
5.7042
4.1555
4.3508
5.2148
6.0829
6.0615
6.0006
3.3630
3.0846
2.6069
3.4514
2.3459
3.1354
2.3619
2.1787
1.5656
2.4991
2.1934
3.0333
3.0342
0.9797
-0.9904
-0.0866
0.3662
0.7609
0.1596
0.9765
0.6199
-0.1030
0.5592
-0.1789
0.8091
0.8438
-0.6153
0.0692
-0.5227
-0.6454
-0.1504
0.1855
0.4215
0.8554
-0.3007
0.7531
-0.8166
-1.5579
-2.1154
-2.8633
-1.7678
1.2928
3.2660
1.7671
-0.2108
0.3054
0.7713
0.9695
-0.9555
0.5732
-0.1458
-0.6375
-0.7795
0.6915
0.0935
0.9181
0.2732
0.8926
-0.7727
0.6822
0.1620
0.6733
-0.4085
-0.9741
0.3744
0.3168
-0.7573
0.9331
-0.4649
-0.3623
-0.6893
-0.2076
0.2057
-0.1039
-0.9781
-0.6238
-0.2907
0.1446
0.3201
0.9773
3.3163
2.7364
1.7195
2.1848
2.2295
1.9281
3.2023
4.6214
4.7323
5.0328
6.0760
5.7148
4.8750
5.1120
5.0810
5.7676
5.3818
5.9880
5.7281
3.0519
1.6687
2.6839
1.8720
2.4238
1.6647
2.6296
1.7140
1.5841
3.1396
1.0835
0.8713
-1.0740
-1.1708
-3.4491
-2.6860
-2.0440
-1.7230
-0.8382
-0.5321
-0.8467
-0.3367
0.2151
0.6861
-0.8794
-0.2801
0.0345
-0.3801
-0.3842
0.4751
-0.7361
-0.8216
0.6835
0.0865
0.4035
-0.4104
0.5288
-0.1285
0.8186
0.3474
-1.8423
0.3076
2.3077
1.6345
2.9106
1.9767
-0.6882
0.5814
0.9711
0.6028
0.2912
-0.6858
-0.3000
-0.3614
0.8438
-0.7923
0.4545
0.8925
-0.7254
-0.5108
-0.2954
-0.1820
0.7008
0.0494
-0.3231
-0.4020
-0.3830
-0.1324
-0.4456
-0.5805
0.3940
-0.5609
0.4194
0.2444
-0.8932
-0.6219
-0.2142
0.1913
0.0715
2.5926
3.5008
2.7467
3.0495
2.1167
2.2578
2.1271
2.3581
1.6617
4.4733
5.3072
5.7872
4.1589
4.3866
5.9157
5.0999
5.3318
4.2730
6.0416
3.9017
2.6420
2.7278
3.2439
2.1964
2.2709
0.7512
-0.0336
0.1103
-0.2013
-2.5240
-3.5042
-2.2673
-2.2027
-1.8900
-1.7959
-3.1117
-1.6239
-2.6993
-1.6049
-2.3714
-2.0850
-1.4517
-0.1714
0.0081
0.5076
0.1942
0.5843
0.7882
0.2653
0.9619
0.4628
0.7568
-0.5911
0.3394
-0.0139
0.5164
0.0439
-0.2425
0.6402
-0.0969
0.6976
3.0944
5.6395
3.2000
2.1368
2.7031
1.9872
2.4310
-0.0751
-0.5124
-0.9946
-0.7327
-0.6663
-0.1531
-0.9967
-0.1407
-0.5805
0.1987
-0.3315
-0.3022
-0.2898
0.8315
0.0557
0.4005
-0.3239
0.9952
-0.4003
0.0287
-0.9858
0.1393
0.9400
-0.3940
0.6090
-0.5290
0.0428
-0.2925
-0.8742
-0.6391
0.9579
3.2043
2.9904
1.8983
1.7798
2.9484
2.6368
2.3357
2.8930
3.1557
1.8684
3.9485
4.1347
4.2185
5.9925
4.3250
5.2458
4.4982
4.8203
4.1085
4.2625
2.6647
1.0796
1.1189
-0.4784
-1.6008
-1.3100
-2.5088
-2.5290
-1.6696
-2.5012
-3.3184
-3.3444
-3.3332
-3.4525
-2.7977
-2.0776
-3.1996
-1.9875
-2.6090
-2.5876
-2.8423
-2.2767
-3.0537
-0.9367
0.1978
0.9649
0.6128
0.1929
-0.9715
0.0863
-0.4114
0.8245
-0.5861
-0.3360
0.4499
-0.5210
0.6392
0.1483
0.4841
0.2916
-0.6051
3.9426
5.2319
5.9381
4.2947
4.1748
2.2262
2.7721
2.7272
1.9104
-0.5541
0.9993
0.1970
0.7444
0.7381
0.3741
0.1615
0.5486
0.5673
-0.4447
-0.0771
0.9277
0.3290
0.3572
0.8252
-0.7976
0.7239
0.4848
0.2471
0.0081
-0.5607
-0.3209
-0.3546
-0.1802
0.0049
-0.8411
-0.2404
0.6189
0.5592
2.3559
1.7393
1.7352
1.5679
2.9668
1.8597
2.0267
3.5335
3.5320
3.1123
2.2949
3.5343
3.9505
4.6719
6.0516
4.8254
5.4489
4.2689
3.6016
1.9864
-1.0180
-1.4519
-3.9259
-4.8140
-5.4609
-4.8582
-4.5891
-4.3502
-4.3113
-1.8674
-2.1252
-2.9648
-1.5705
-3.1894
-2.5933
-3.4250
-2.8629
-1.6527
-3.2225
-3.2014
-1.7682
-3.2448
-3.3540
-3.3275
-3.2853
-1.7873
-1.7908
-0.5023
0.4608
0.2890
-0.6900
0.5282
0.7012
0.7138
-0.6256
-0.5007
-2.1336
-0.6637
-1.0873
-1.8333
-0.6171
3.6549
4.2585
4.9041
4.8254
5.0355
4.7977
3.8596
1.6986
2.0671
1.9531
1.4811
-0.5609
0.3795
-0.6725
-0.2814
0.8742
0.6884
0.6796
-0.4775
-0.4147
0.5837
-0.3287
0.4589
0.1163
0.9601
-0.2895
0.3183
-0.4615
-0.5426
-0.2155
0.5269
-0.6345
-0.1400
-0.7989
-0.8731
0.6833
0.1194
0.9615
2.2848
2.7538
3.0297
2.1427
3.0265
3.4967
2.8634
3.1327
1.6608
2.3209
3.0366
0.8270
0.0653
0.4125
2.8128
2.4257
2.3787
0.7297
-0.5913
-0.8415
-2.7639
-2.0454
-2.3430
-5.4764
-5.8210
-5.8867
-5.1805
-6.0155
-5.0818
-5.1854
-5.4830
-3.6117
-4.0863
-3.2010
-1.9781
-2.4696
-1.5962
-2.4508
-1.8667
-2.8445
-2.5670
-3.0526
-3.1478
-1.7094
-2.3920
-2.7783
-3.4101
-2.4431
-2.2757
-0.0636
-0.2274
0.7627
0.2791
-1.0474
-1.2935
-0.0216
0.0023
-0.7136
-1.2064
-0.2687
-1.3859
1.3212
4.0058
3.6915
4.3681
4.3990
5.0372
5.1067
4.1926
3.6928
1.8964
2.7124
2.1419
2.1540
0.2036
0.4333
0.5852
-0.4370
0.6365
-0.9015
0.3286
0.9222
0.6942
0.7541
-0.4778
-0.1835
-0.9984
-0.6982
-0.0647
0.4846
0.0856
0.3594
-0.7767
0.1526
-0.9051
-0.9902
0.4715
-0.8795
0.6085
1.8167
2.0359
3.1353
1.6257
2.0537
3.1959
2.2629
2.8232
2.9741
2.1098
1.0100
-1.7336
-2.0093
-3.2947
-2.6759
-1.8511
-1.7891
-0.6604
-0.1729
-0.4736
-2.3017
-2.0682
-3.5004
-4.5629
-4.5021
-4.5880
-4.4662
-5.8644
-4.5056
-4.1637
-4.9982
-6.0182
-5.4898
-4.1249
-5.4136
-3.8336
-3.9592
-2.3971
-2.6653
-2.9411
-3.4423
-3.5031
-2.7909
-2.6491
-1.8222
-2.9774
-1.9595
-1.9607
-1.8688
-2.1493
-2.0460
-0.7904
-0.9766
-0.5769
-0.1172
-1.2871
-0.0835
-0.3660
0.9263
0.0926
0.7683
-0.3281
3.3144
4.6732
3.5378
5.4422
6.0382
5.1075
4.6183
6.0304
5.4346
4.4549
1.6655
3.4493
3.2862
2.2770
0.9825
-0.9188
0.1051
0.7867
0.6058
0.3841
-0.2531
0.5901
-0.4772
-0.1684
-0.7567
0.6899
0.8824
0.0531
0.7607
0.8839
0.1852
-0.0902
-0.1869
-0.7351
0.9957
-0.5442
-0.4880
-0.8039
1.0689
1.5706
2.9795
2.7305
3.2663
2.8005
1.6018
2.0623
2.1289
-0.6893
-1.6848
-2.0678
-2.7432
-3.4959
-1.8925
-2.5777
-2.8467
-1.4787
-2.0291
-4.6266
-5.0405
-3.9620
-5.8023
-4.5270
-5.9349
-5.1494
-4.2205
-4.3710
-5.7470
-4.1635
-4.4776
-4.1444
-4.2768
-4.8072
-4.4166
-5.6161
-4.3994
-3.6053
-3.3914
-2.1186
-3.0386
-2.1396
-2.6709
-2.9893
-2.7633
-1.9359
-3.0939
-2.0643
-3.3066
-3.2981
-1.6504
-2.9519
-0.9822
-0.5055
-0.8884
0.0269
0.1134
-0.9780
0.7802
0.6199
-0.8549
0.9704
5.1644
4.0201
3.8054
3.9721
3.9750
5.8915
4.6131
4.3732
6.0964
4.9306
4.7017
3.5070
1.6745
3.5423
2.1217
1.0838
0.6675
-0.2068
0.5676
0.8423
-0.7389
-0.2883
0.4795
-0.9025
0.9579
0.2370
0.2097
-0.5042
0.2143
0.7703
0.6645
0.1695
0.7311
-0.3894
0.4129
0.3689
0.7734
0.6176
1.4668
1.5666
2.7760
3.2512
2.9149
1.8453
2.8297
2.1121
1.6766
-3.5172
-2.6711
-2.0184
-1.6712
-1.6470
-2.1303
-3.5090
-3.6161
-4.4666
-5.0129
-4.5628
-4.7412
-5.1265
-4.2581
-5.4294
-6.0156
-4.7117
-4.1685
-5.0411
-4.2325
-5.6164
-5.4343
-5.2231
-4.5546
-5.5788
-5.0045
-4.4879
-4.2208
-4.2465
-4.3639
-5.2771
-2.6196
-3.4449
-3.2773
-2.2671
-2.5039
-2.9113
-2.5668
-2.5061
-2.7956
-3.5267
-3.3449
-2.1825
-1.7416
-2.2392
-0.2263
-0.5214
0.2988
-0.7102
0.1335
0.7685
-0.6869
4.8772
6.0756
5.1851
5.5004
4.6431
3.5040
5.1871
5.5910
6.0179
5.0396
5.2454
5.6603
3.3477
3.2312
1.7161
1.9175
0.9248
-0.1087
0.8762
-0.7846
-0.5016
-0.0663
0.4657
-0.3492
0.1770
-0.0668
0.6302
0.2765
0.0388
-0.6343
0.9477
0.8180
-0.0883
0.5047
0.5643
0.0710
-0.9104
-0.7231
0.3029
0.5898
3.2337
3.1947
2.4337
2.4861
2.9408
2.4268
3.0015
-0.8133
-2.4992
-2.5768
-2.8670
-2.2593
-2.2651
-1.9156
-3.8874
-4.8479
-5.0468
-4.7622
-4.5445
-5.6169
-5.7894
-4.9330
-4.2428
-4.9403
-4.1173
-5.8114
-5.6303
-5.8809
-4.1842
-5.2882
-4.5503
-4.4654
-4.2605
-5.6533
-5.3025
-5.5748
-5.0724
-4.6661
-5.8358
-5.5350
-5.8066
-3.9875
-2.5893
-2.4506
-2.2806
-2.9691
-1.6696
-1.5815
-2.5583
-2.0740
-2.0422
-1.6020
-2.8307
-3.2998
-1.0542
-0.0202
-0.1059
-0.8506
0.5206
2.2261
5.0588
4.7493
5.6626
4.8771
3.9133
4.8455
4.0739
4.5275
5.7429
4.3327
4.5860
5.9525
5.9187
3.6685
3.3266
2.2158
2.8367
0.8268
0.0129
-0.4224
-0.6989
-0.5472
-0.4971
-0.8542
0.2310
0.7393
0.2381
-0.5814
0.3673
-0.4696
0.9009
-0.0992
0.0898
-0.6210
0.1045
-0.0683
0.7881
-0.7670
0.0308
0.6924
2.8602
3.4993
2.3949
2.8203
1.9240
1.8339
2.4173
-3.3925
-3.3910
-3.0702
-2.1247
-3.4525
-2.2765
-4.8247
-4.6317
-5.7077
-6.0466
-5.0741
-5.7213
-4.6191
-5.9318
-5.6227
-5.9023
-4.4485
-5.1303
-5.0581
-4.5312
-5.9291
-5.5567
-5.3255
-4.2445
-4.4184
-6.0896
-5.3328
-5.9738
-5.1943
-5.0532
-5.7270
-5.5723
-5.9990
-6.0891
-6.0777
-5.8000
-4.4339
-3.2877
-3.5388
-2.8627
-1.8397
-2.5231
-2.5387
-2.5412
-1.2062
-1.8485
-2.9106
-3.4751
-2.8724
-0.6946
0.2661
0.7081
3.8087
4.6570
4.7454
5.5474
6.0620
5.6282
5.0139
4.3121
5.0774
4.1300
5.9683
5.8620
5.0882
4.1566
5.6817
3.9669
3.0226
2.2221
1.9139
0.1975
0.8064
0.8710
0.6867
0.4527
0.8912
0.7359
0.1857
0.7109
-0.7237
-0.9747
-0.5139
0.8466
0.9858
0.1907
0.5980
-0.0656
0.4075
0.3302
-0.7875
-0.2803
-0.0451
0.2476
2.1892
2.7209
2.6656
2.6884
1.6957
1.1674
-3.3739
-1.7420
-3.5218
-2.5716
-4.7185
-4.4226
-4.4352
-6.0345
-5.8197
-5.4142
-5.9505
-5.2924
-4.6765
-5.9439
-5.2585
-5.3785
-4.2238
-5.7166
-4.6864
-5.0106
-5.9165
-5.7607
-4.4345
-4.3367
-4.6317
-5.5229
-5.6539
-5.9484
-4.6831
-4.7558
-4.3457
-5.4086
-5.9986
-5.7244
-5.7855
-5.1871
-5.0742
-5.1866
-4.1342
-5.1917
-2.8367
-2.0540
-1.7174
-2.4447
-1.7831
-3.4880
-3.4954
-2.5294
-3.0507
-1.9701
-0.8578
1.5592
5.5364
5.8966
4.8436
4.5828
4.3426
5.9367
5.4809
4.7311
5.8677
5.9589
4.5265
5.8639
5.6393
4.7825
5.7877
4.6987
5.4485
2.5024
3.3698
2.1030
-0.6335
-0.1458
0.8044
-0.5026
0.8254
0.5887
0.5108
0.3514
-0.0665
0.3938
0.7522
-0.4679
0.5715
-0.5793
-0.9933
-0.5498
0.6218
-0.7582
0.9140
0.0883
0.0564
-0.2811
1.0544
1.5722
2.1464
2.9202
2.0883
2.1559
-1.7348
-3.1155
-3.9497
-5.0285
-5.3319
-4.9762
-5.6492
-4.4748
-5.0345
-5.0921
-4.1934
-5.8079
-4.9742
-5.0248
-4.2799
-5.4232
-4.3763
-5.0743
-5.0285
-5.4908
-5.0011
-4.5098
-5.3561
-5.2371
-4.4906
-4.9669
-4.9169
-4.5210
-5.6304
-5.2901
-4.4764
-5.5882
-5.4719
-5.6576
-5.7387
-4.8418
-6.0481
-6.0185
-5.3442
-5.5722
-5.4701
-5.9475
-5.1086
-3.5452
-2.8990
-2.0753
-2.2214
-2.4613
-2.1140
-2.3109
-2.8995
0.5315
5.1211
4.8271
5.4802
5.1303
5.2745
4.2813
5.0156
3.5655
4.2901
4.8937
4.2643
4.8376
4.6603
5.2915
4.3499
4.9128
4.5495
3.1351
1.7263
1.7541
1.1458
0.1710
-0.5549
0.5450
-0.0454
0.1580
-0.4962
-0.3091
0.9438
-0.7095
-0.7857
0.8994
-0.8109
0.4245
-0.8791
-0.6625
-0.3050
-0.1105
0.2727
0.6535
0.0046
0.6328
-0.5318
0.9263
1.6887
1.4594
2.1360
3.0139
-3.7929
-4.2518
-6.0253
-4.3765
-4.2999
-5.2533
-4.6058
-4.9567
-5.2291
-6.0185
-4.3416
-4.7005
-5.2310
-5.6842
-4.6997
-4.2754
-5.5894
-5.8819
-5.2891
-4.9679
-5.0370
-4.6167
-5.8508
-5.2747
-5.1141
-4.6279
-4.4536
-4.1272
-6.0607
-5.5013
-4.6202
-6.0650
-4.4062
-4.9069
-4.8252
-5.9517
-5.6948
-5.6272
-6.0687
-6.0415
-4.4068
-4.7186
-5.1272
-5.1435
-3.4003
-5.6263
-5.0069
-4.0320
-2.5127
-2.4191
-2.1997
2.2506
3.9981
4.5865
4.4331
5.7559
5.5370
5.3693
5.0010
4.6695
4.8258
5.6255
4.7167
4.9403
4.8152
5.4353
5.0187
5.7261
5.0912
4.6463
2.2041
2.5062
2.3872
0.7271
-0.7719
0.4487
0.5528
0.5687
0.7152
-0.7935
0.0275
-0.9052
-0.4106
0.5563
-0.9239
-0.5615
-0.4762
0.2990
-0.2285
-0.7996
0.5959
0.3060
-0.8446
0.2818
-0.7961
0.2397
-0.3678
0.7723
0.2098
-0.7759
-2.0263
-6.0566
-4.3568
-4.8190
-5.0495
-5.4318
-5.6873
-4.9662
-5.6995
-4.7290
-5.9315
-5.7924
-4.5125
-5.3983
-5.4982
-4.8055
-5.8380
-5.4321
-4.8338
-6.0161
-5.5606
-4.9948
-5.5406
-4.1393
-6.0111
-4.2317
-4.9559
-5.4785
-5.1885
-5.9563
-3.9122
-3.1040
-2.9615
-3.0069
-5.7238
-5.9947
-5.3278
-4.2202
-4.7321
-4.4253
-5.1852
-5.0342
-5.7828
-5.2310
-5.3005
-4.3007
-5.3780
-5.7568
-4.8130
-5.1727
-1.9572
2.5360
2.1950
2.3734
5.3798
4.3276
4.2556
3.9328
3.3984
5.3438
4.8131
4.4656
4.2188
4.4834
5.2620
5.6835
5.8864
4.7999
5.3812
4.4358
3.6336
2.1200
2.0369
0.2979
0.8735
0.5469
-0.3334
-0.9751
-0.1241
-0.8714
0.6683
-0.9324
0.9902
-0.0828
0.5314
-0.8457
0.8536
0.6644
-0.1845
-0.3296
0.0027
0.4192
-0.0721
-0.3884
0.7157
0.4068
-0.9197
-0.5270
0.4571
-0.4285
-0.9736
-4.2242
-4.5502
-4.4832
-4.4330
-4.8070
-4.7959
-4.7729
-4.3518
-6.0866
-4.2548
-5.7181
-5.0564
-5.1704
-6.0535
-5.3199
-4.4647
-4.9151
-5.2607
-5.3008
-4.3779
-5.6480
-4.7563
-3.4932
-2.1691
-1.4964
-1.6098
-1.0318
-0.5760
-0.9729
-0.7897
0.2967
0.8776
-4.2966
-5.8064
-5.2145
-5.0449
-5.8374
-5.2675
-5.3314
-4.3027
-5.4581
-5.7868
-5.9226
-3.7690
-5.2065
-4.1610
-4.1927
-4.2431
-5.7643
-2.3803
1.2720
2.4223
3.0048
3.7436
5.5154
5.5924
4.0649
3.1457
5.6687
5.7966
4.8000
5.3310
4.9153
4.6886
5.1939
5.6580
5.9044
5.8002
4.3576
5.9457
3.0622
2.2712
1.7455
-0.7588
0.3549
-0.9632
-0.3881
0.0483
-0.4622
-0.4485
0.3432
-0.7661
0.2286
0.6560
-0.3475
-0.1670
0.0480
0.3755
0.4018
-0.5794
0.0358
-0.1557
-0.2337
0.0661
-0.4340
0.1689
-0.3060
-0.9226
-0.2515
-0.8750
0.7598
-3.8750
-5.4432
-5.8823
-5.8365
-5.2921
-4.1068
-4.5584
-5.9254
-4.1263
-4.4971
-4.1635
-5.3794
-4.6011
-5.5792
-4.6338
-3.3931
-2.4077
-0.6009
0.2152
-0.4023
0.3510
-0.0071
-0.4295
-0.3992
-0.3971
0.0295
0.1007
0.1225
0.4637
-0.9775
-2.0418
-4.4322
-4.7220
-5.0436
-4.1976
-4.2902
-5.5819
-5.3710
-5.4971
-5.5766
-4.5846
-5.0808
-4.5769
-3.7110
-5.1107
-4.7749
-6.0300
-5.2172
-1.4093
0.3000
1.8541
2.9230
2.1323
2.7181
5.2785
4.0875
3.5573
4.3026
4.6929
5.2201
5.0142
4.7834
4.2007
6.0872
5.4301
4.2909
5.3585
5.4239
6.0849
3.6735
1.7792
3.3807
0.0715
0.4824
-0.2476
0.0652
-0.3461
0.1838
-0.2303
-0.9790
-0.1201
-0.8314
0.4738
-0.7116
-0.9343
-0.9881
0.2753
0.8848
-0.9020
0.3286
0.4971
0.7790
0.3671
0.2369
0.3411
-0.3185
0.8422
-0.8149
0.4877
-0.1204
0.9978
-1.6030
-1.8708
-3.7203
-3.1668
-3.6352
-3.8492
-3.0820
-3.9313
-1.6958
-2.3692
-0.8907
-0.0714
-0.8281
0.3181
0.7416
-0.2087
0.9133
0.6049
0.7542
0.3560
0.9661
-0.8921
-0.4335
0.5999
-0.2349
0.8052
0.0327
0.0069
-0.8433
-3.4252
-5.3866
-5.2955
-5.8563
-5.0266
-5.1186
-5.8118
-4.5439
-5.1304
-4.8264
-5.9207
-4.7709
-5.5915
-5.3412
-4.0819
-3.9211
-5.6493
-4.1461
0.6359
0.8361
0.7255
0.9181
1.9210
2.6505
4.4485
3.1860
3.8336
4.6457
5.1507
4.7801
5.5062
5.7214
4.3244
5.6538
5.1640
4.8113
5.9608
5.9485
4.2530
4.0505
2.0472
2.0998
1.8930
-0.9615
-0.1908
0.1912
0.6124
-0.5420
0.5930
0.6906
-0.6226
-0.0421
-0.8306
-0.1997
0.8209
0.2830
0.0731
-0.3031
0.7068
-0.1547
-0.0264
0.9195
-0.7824
-0.7677
0.6445
0.8766
0.2712
0.1167
0.1336
0.9540
-0.3152
-0.5237
-0.5474
0.5822
0.7537
0.8723
-0.4133
-0.5012
-0.8088
0.5054
-0.1238
-0.4809
-0.5924
0.3498
-0.6710
0.0302
0.7251
0.4509
0.4812
-0.7774
-0.6138
-0.4007
-0.7308
-0.7940
0.1801
-0.4884
-0.3872
0.4647
-0.2149
-0.9978
-4.1033
-4.8671
-4.2460
-4.3847
-5.5398
-5.3486
-5.3160
-5.1809
-4.3187
-4.4936
-5.9833
-4.1718
-5.0724
-5.3923
-5.0780
-4.3279
-5.3704
-1.6466
-0.1928
-0.8090
0.3442
0.4415
3.1140
3.2755
1.8431
4.1699
5.7765
5.3252
4.8867
5.9215
5.3199
6.0703
4.8085
4.6245
5.8131
5.4202
4.5950
4.7343
4.5192
3.2961
2.3521
3.2863
2.7550
-0.1724
0.7855
0.7445
-0.0256
-0.4991
-0.7826
0.2982
-0.8599
0.0779
-0.6674
-0.9769
-0.9188
0.4848
0.8671
-0.2234
0.6564
-0.6565
-0.9272
0.4279
-0.0765
0.8916
0.8377
-0.8477
-0.6164
-0.0212
0.3251
-0.8389
-0.0778
-0.8576
0.0842
0.5987
-0.5938
-0.5119
-0.7268
-0.2389
-0.4412
0.3113
0.8734
-0.8287
-0.7632
0.0629
-0.4966
-0.1246
-0.2869
0.4149
0.6270
-0.4888
0.5899
-0.4669
-0.9797
0.1269
0.7655
0.7815
-0.9085
-0.6938
-0.7923
0.0952
-4.7273
-4.9624
-5.8068
-5.6731
-6.0805
-4.2417
-5.8195
-5.2067
-4.4074
-4.3325
-5.2247
-5.4833
-5.0548
-5.8381
-5.0690
-4.4001
-4.8123
0.0330
0.2346
0.0773
1.0529
0.0160
0.6537
2.7149
3.2936
3.2356
4.8049
4.1377
5.9264
6.0176
4.3282
4.6233
4.8101
4.8505
5.8681
4.6185
5.8967
4.4928
5.4604
4.0671
2.3941
2.8915
2.9651
1.0846
-0.1741
-0.2436
0.2810
0.1725
-0.6047
0.7237
-0.4417
0.7822
-0.3310
-0.4703
0.2891
0.7035
0.4817
-0.9016
0.9336
-0.0941
-0.6486
-0.1701
0.8299
-0.1721
-0.8249
0.8042
0.6820
-0.8788
-0.9376
-0.3817
0.8008
-0.5221
-0.5337
-0.4524
0.0349
-0.8980
0.9824
0.4298
0.3273
0.3475
0.5613
-0.7252
0.9732
-0.3659
0.6184
-0.2329
-0.1025
-0.1455
0.7552
-0.5079
-0.8687
-0.1199
-0.7733
-0.4139
0.9608
0.2984
-0.5052
0.0260
-0.9588
-1.7535
-5.0055
-5.1144
-5.2574
-5.9650
-4.8874
-6.0067
-5.5684
-5.7386
-5.2953
-4.4954
-4.1977
-5.2485
-4.6533
-5.2354
-4.7086
-4.7209
-4.1553
-0.5128
-0.5394
-0.2020
0.4633
1.7930
3.1189
2.5938
2.5703
3.3904
5.3218
4.9523
4.7238
4.2126
5.3616
5.8047
5.7121
5.5537
5.8405
5.8039
5.0046
4.6810
4.5428
4.4586
2.9943
3.1368
3.0852
0.1209
0.3047
-0.4565
0.2891
0.3773
-0.3847
-0.1779
0.3763
-0.7253
0.8466
0.4885
-0.8065
0.9448
-0.4514
-0.6273
-0.8679
0.6056
-0.5534
0.1405
-0.9853
0.5960
0.5302
0.3516
-0.1409
0.2037
0.0351
-0.3702
0.2998
0.5413
-0.8497
-0.2454
-0.0254
-0.4414
-0.9733
0.1430
-0.2552
-0.2110
-0.9314
0.1221
0.3878
-0.9581
-0.9369
0.6042
0.4031
-0.8978
-0.0076
-0.7998
0.8298
0.9278
0.2249
-0.3302
0.2403
0.9103
0.1811
0.4236
0.9683
-3.3978
-5.1468
-5.4907
-6.0719
-4.9510
-4.8188
-5.2922
-5.6966
-4.8781
-5.2419
-4.2966
-4.4738
-6.0726
-5.9450
-5.7918
-5.3112
-5.0013
-4.7165
-0.2868
-0.3947
2.0380
2.2463
2.3533
2.9842
2.3371
2.4653
3.1715
3.1957
5.8012
4.6984
5.5825
4.2560
4.3599
4.2625
5.4942
5.9135
5.9378
5.8302
4.7845
4.8820
3.1583
3.0208
3.4658
2.1529
1.0793
-0.9255
0.4334
0.7218
-0.5039
-0.4274
0.4966
0.4288
-0.9380
0.0752
0.4742
0.3672
-0.8420
0.0112
0.3454
-0.3901
-0.9924
0.5781
-0.2689
0.3743
-0.2103
0.7297
0.8065
-0.6756
0.3556
-0.9180
-0.4744
-0.3142
-0.2487
0.8107
0.7113
-0.3440
-0.3245
0.4584
0.0972
0.3481
0.3598
-0.5773
-0.4857
0.3757
0.4440
0.2867
0.5658
0.7939
-0.2333
0.7232
0.8020
0.0962
-0.8203
0.0430
-0.8193
-0.2704
-0.3472
-0.3908
0.5046
-0.1340
-4.6358
-5.5710
-5.6412
-5.6763
-5.0748
-4.4745
-4.4513
-5.5064
-5.7005
-5.6660
-5.3375
-6.0186
-5.8911
-4.1894
-5.1290
-5.9046
-5.7369
-1.8304
1.7334
2.8246
2.3980
2.0218
2.0507
2.6732
2.9658
3.0515
3.3310
3.1942
4.2917
4.6345
5.7319
4.1169
4.2291
5.9782
5.6886
5.2531
4.9423
5.7069
4.1360
4.1095
3.0593
2.2751
2.6795
2.8783
2.5467
0.5066
0.5858
0.5869
0.3126
-0.5069
0.0970
-0.8884
-0.5244
-0.4281
0.5410
0.1410
-0.3573
0.9470
0.6867
0.2429
0.5792
0.5890
0.4772
0.2203
-0.5392
0.0230
0.7130
0.8994
-0.0988
0.4448
-0.5553
0.3548
0.2503
0.2267
0.3129
-0.2039
-0.9431
-0.1336
0.2165
0.9414
0.3992
0.0671
-0.2568
-0.0481
-0.7339
0.6363
0.9525
0.9952
0.4596
0.5666
0.5862
0.7586
-0.9616
0.4813
0.3624
0.5730
-0.1635
0.1338
-0.5285
-2.1071
-5.0691
-5.1978
-4.8154
-5.9757
-5.6335
-6.0848
-4.7801
-4.4798
-5.4170
-5.2268
-4.3572
-4.3427
-3.6606
-4.2355
-4.0390
-2.3348
-3.4714
1.6330
3.1811
1.7409
3.4321
2.3379
2.1992
2.8393
2.9294
3.1362
3.2146
2.6487
5.7215
5.0883
5.0782
4.4370
4.5920
5.3800
5.6032
4.4544
5.0620
5.3825
4.8353
4.8754
2.3768
1.8925
2.9405
2.6899
1.5825
-0.8407
-0.8001
0.0956
-0.2448
0.2514
0.5332
-0.7093
-0.1436
0.1079
-0.9390
0.5444
-0.9330
-0.7773
0.8744
0.5741
-0.7426
-0.7187
0.9068
-0.0355
-0.7053
0.2682
-0.0456
-0.5155
-0.6505
0.0034
-0.7803
-0.3075
0.7575
-0.3234
-0.5927
0.5665
0.9729
0.0453
-0.2317
-0.7453
0.8213
0.4037
-0.5985
-0.8589
-0.7281
0.9050
0.0549
-0.8075
-0.1341
-0.4395
-0.0788
-0.5851
-0.4408
-0.5323
-0.1494
0.6459
0.8291
-0.8819
-0.9943
-3.5726
-4.2799
-5.8500
-4.7156
-4.7348
-5.3272
-3.5835
-2.7241
-2.8742
-2.3055
-1.9879
-2.7770
-2.6706
-1.5648
-1.5681
-2.1572
-2.3023
-2.9625
1.5803
1.7289
2.3689
2.6080
1.9804
3.4101
1.8635
1.8346
3.2426
3.0111
1.9978
3.6857
4.9284
5.9690
5.1413
6.0022
5.7449
4.2248
5.5126
5.5616
4.2896
5.4851
4.1598
3.4251
3.1245
1.6725
3.4700
1.6631
-0.4096
0.0355
-0.8961
0.5844
-0.0196
-0.2007
-0.1325
-0.8443
-0.7698
-0.1809
-0.0012
-0.4192
0.8710
0.3690
0.0359
0.1996
0.6982
0.4568
0.4220
-0.6130
0.5822
0.1611
-0.0178
-0.0298
0.4078
0.9949
0.1419
0.2385
-0.9078
-0.4164
0.5602
0.1915
-0.6936
0.1009
-0.6949
-0.3795
0.7934
0.5083
0.5648
0.3443
0.8236
0.7006
0.7431
0.9045
0.4114
-0.5036
-0.9447
0.1034
0.5349
-0.4865
0.7231
0.1323
-0.8545
0.4268
-3.7962
-3.4924
-4.0673
-3.7004
-3.3398
-1.7154
-3.5265
-2.9939
-3.2253
-2.2301
-3.0401
-3.0324
-3.2571
-2.7492
-3.2194
-3.1469
-3.1223
-1.5443
2.6256
1.6134
2.3793
3.3325
2.1022
3.2318
1.9483
3.2866
2.3083
3.0022
2.6445
4.5867
4.2184
4.4376
4.3453
5.5807
4.7784
4.2189
4.2091
5.3567
5.8038
6.0396
3.5449
3.0686
2.1980
3.3059
3.1593
1.8772
0.8082
0.1556
0.4006
0.1028
-0.5549
-0.1428
0.7113
-0.2912
-0.6868
0.2793
-0.4335
0.3004
-0.8479
0.5492
-0.3130
0.9026
0.8865
0.7626
-0.0030
-0.8361
0.4334
0.8658
-0.2476
-0.6825
0.8299
-0.3921
0.6633
0.7483
-0.3210
0.0101
0.2700
-0.8369
0.3902
0.0540
0.0995
-0.7650
0.1254
-0.1697
-0.3605
0.9317
0.4517
0.0698
-0.1226
0.1041
0.4746
-0.6110
-0.7655
-0.7329
-0.5171
-0.1320
-0.2941
0.7577
2.5553
0.7872
-1.7371
-1.9711
-2.6281
-2.0833
-1.5774
-2.9642
-3.4438
-2.4487
-2.5662
-3.4681
-2.6399
-2.0858
-3.0211
-2.6300
-2.8181
-3.1401
-2.1036
-0.1103
1.7559
1.8641
1.9997
2.7903
1.7942
2.6746
3.4088
1.8708
2.0341
2.1485
3.5717
4.4099
4.7725
5.4166
4.8954
5.9439
4.8040
5.1727
6.0897
5.0358
5.9936
3.9603
2.4570
2.2723
3.2165
2.5111
2.5324
2.2449
0.2866
0.8336
0.7876
0.5668
0.4835
0.4849
0.6233
0.2741
0.0860
0.6726
0.8758
0.4247
-0.5468
-0.4570
-0.2328
-0.1669
0.6475
-0.5111
-0.4407
-0.5062
0.7901
0.9909
-0.7409
-0.9687
0.8025
-0.9797
-0.3635
-0.5567
0.1068
0.0371
-0.3029
0.8779
0.8650
-0.2624
0.9983
-0.1139
0.6269
0.4016
0.8049
0.6225
-0.5817
-0.2334
0.6204
-0.7629
-0.0146
0.1599
-0.2727
0.9675
0.3599
1.4579
3.4224
2.6315
2.9918
0.6177
-2.3545
-2.6234
-1.7223
-3.1342
-3.3014
-2.3603
-2.0632
-2.9463
-1.8841
-2.3660
-3.2104
-1.9838
-2.6804
-1.8060
-2.0217
-2.5880
-3.0617
1.6138
1.9636
2.9396
2.4718
3.2374
3.0067
3.4042
2.0924
3.5479
1.8121
3.1596
3.8190
5.8308
5.3651
4.6770
6.0453
6.0593
5.9490
5.8510
5.5326
5.8046
4.9285
2.3596
3.0337
2.8997
2.6332
2.4823
2.2758
1.7575
0.2358
0.8119
0.1841
0.6055
0.6361
-0.4284
0.9089
0.8648
-0.0994
-0.9106
0.8377
-0.3452
0.9227
0.4892
0.4517
0.7896
0.9704
-0.0144
0.2107
-0.5230
-0.9019
-0.0208
0.2912
0.7365
-0.4111
0.8707
-0.8689
-0.5961
-0.5006
0.0057
0.5191
0.3700
-0.9858
-0.4339
0.1003
0.9694
0.5374
-0.3255
0.7208
-0.5669
-0.8629
-0.0330
-0.9277
-0.5774
0.0471
1.4638
1.5175
2.0878
2.9322
2.3729
3.1249
2.0612
1.8048
-1.4940
-1.8583
-3.1921
-3.4811
-3.5027
-2.7156
-2.7852
-2.2997
-2.7372
-3.0005
-3.3358
-2.8932
-2.1919
-3.2883
-2.8480
-2.0108
-1.8510
-1.0182
2.8440
1.9681
2.0557
2.2116
3.3524
1.9999
1.5710
1.9183
2.0267
2.7930
3.6522
4.6048
4.7926
4.1682
4.1005
4.4103
4.2577
5.0002
5.0208
5.8559
5.0112
3.0131
1.9154
2.1404
2.6878
2.8371
1.5932
2.1632
1.7693
0.7440
-0.0576
0.5362
-0.4360
0.2749
-0.2192
0.2552
-0.7322
-0.5151
-0.5491
0.6768
0.9481
0.8843
-0.8665
0.1912
-0.2215
-0.2012
-0.8206
0.6343
0.3622
0.0588
-0.5373
-0.6283
-0.8957
0.6687
-0.1726
-0.4267
-0.7849
-0.2479
-0.8087
0.4891
-0.3887
0.4288
0.3865
0.0576
0.2905
-0.9314
-0.7577
-0.1974
-0.4415
0.0890
-0.9345
-0.0769
0.3403
2.1250
1.9901
1.6696
3.1179
2.8193
3.4637
3.1458
2.5422
2.7125
-1.5484
-2.5449
-1.6261
-3.4053
-2.3802
-1.9348
-3.1182
-1.7876
-2.5973
-2.1606
-1.6293
-2.0300
-1.7963
-2.9496
-1.8200
-2.0407
-2.9942
-0.5590
2.2733
3.4664
3.1058
2.4062
2.4452
2.6002
2.2672
2.2708
2.1149
3.4272
3.0686
5.0356
5.9830
6.0329
4.7152
5.9980
4.3647
5.3535
4.8070
4.1608
3.0169
3.4039
2.7174
2.8720
1.7035
1.8726
1.8585
2.2829
0.2907
0.2227
0.4986
0.7522
0.0489
-0.7950
-0.2504
-0.4701
-0.8824
-0.0846
-0.7858
0.2969
0.1149
0.7116
0.8507
-0.1025
0.4056
0.9923
0.1450
0.3422
-0.2745
0.5350
0.5931
-0.5769
-0.5485
0.0095
-0.6355
0.2312
-0.9743
0.8755
-0.8819
-0.0391
0.7254
0.1968
-0.4904
-0.9519
0.5995
0.2985
-0.9931
-0.4048
-0.2360
0.9815
-0.4343
1.6593
2.1786
2.1347
1.7543
2.9261
2.3495
3.5138
2.6660
2.1921
3.3763
2.1174
-2.2697
-2.8129
-2.5307
-3.0066
-1.9061
-2.3562
-1.6678
-2.7375
-2.5647
-3.1419
-2.2372
-3.4006
-2.8648
-3.5009
-1.6760
-1.7677
-1.7463
0.8546
2.0870
2.7753
1.7898
2.6355
2.7976
3.4645
2.2935
1.5806
2.0390
3.3385
4.9547
4.3567
4.4096
6.0023
5.4552
4.6964
6.0968
5.8505
4.9415
3.9196
2.1687
3.2370
2.5800
2.3886
3.4014
2.2637
1.7146
2.5086
0.9705
-0.4658
-0.0296
-0.4927
-0.9745
-0.7433
0.8397
0.2475
-0.9875
-0.3725
-0.6969
-0.1113
0.4608
-0.6282
-0.0404
0.7272
-0.0622
-0.2184
-0.5204
0.7798
-0.6972
-0.9729
0.8964
0.5881
0.6689
-0.5405
0.8009
-0.9324
0.4353
-0.7819
0.3886
-0.6852
0.6185
0.1331
-0.5127
0.3571
0.9590
0.5733
0.6274
-0.5719
-0.5280
-0.9715
1.3763
2.1845
1.6266
3.1017
3.4959
3.1895
1.7534
3.4317
1.6355
1.9692
2.3055
1.2444
-2.6836
-1.9167
-3.1158
-2.0041
-2.2592
-2.1546
-3.3890
-3.3931
-1.9114
-2.0632
-3.4219
-3.3952
-1.7196
-2.3982
-1.8886
-3.3088
-1.9556
0.9695
2.8608
1.7986
2.4637
3.1942
3.5334
1.9292
3.3967
1.8890
2.2894
4.3493
6.0823
5.8840
5.2091
4.9577
4.6230
6.0244
4.7725
4.7467
3.9608
2.2595
3.4602
1.8227
3.2631
2.0960
3.0772
2.6484
3.3143
3.3233
-0.5997
-0.0198
-0.8243
-0.0211
-0.5909
-0.7362
0.1232
-0.3707
0.0643
-0.8021
-0.1991
-0.7307
-0.9997
0.4761
0.2948
-0.8733
0.0225
0.5075
-0.5533
-0.7106
0.1560
-0.2819
0.0966
0.3465
0.6953
0.1143
-0.8309
0.7902
-0.2657
-0.7925
0.8242
-0.3939
0.2491
-0.5968
0.3471
-0.3061
-0.6168
-0.4553
0.8718
0.1542
0.3560
-0.1014
2.5195
2.6809
2.7440
3.0874
1.6601
3.1120
1.6249
2.4529
2.9729
2.4725
2.0012
-0.9551
-1.7553
-3.2055
-1.9896
-2.0205
-3.0449
-3.4299
-2.5605
-3.4237
-1.6385
-2.6392
-2.7430
-2.5194
-2.1237
-2.4310
-1.9602
-3.3518
-1.7160
2.2911
1.5538
1.5932
1.9430
2.5668
2.9974
1.8040
2.6175
2.6925
3.6371
6.0995
4.9237
5.0315
4.7409
4.7251
5.5860
4.2960
5.1170
2.6541
1.6511
3.0333
2.2738
1.6813
3.1094
3.2623
2.9111
1.8873
1.9132
1.5988
0.1781
0.7118
0.3410
0.9707
0.6068
0.0981
0.8857
0.3345
-0.0018
-0.5501
0.0304
-0.4042
-0.0647
-0.9627
-0.4497
-0.9493
-0.3798
0.3201
0.6874
0.2551
-0.1365
0.8135
-0.1058
-0.7005
0.7442
0.7925
0.1647
-0.4326
-0.7539
0.3722
0.4538
-0.4059
-0.9021
0.9301
0.4401
0.2961
0.8258
0.4605
0.2412
-0.4993
-0.4124
1.8889
2.4850
3.0775
2.6904
3.3277
2.4563
3.0243
2.5727
1.9493
3.2248
1.9885
1.5728
-1.3340
-3.4007
-1.7549
-2.1144
-3.5101
-1.6641
-1.9485
-2.0716
-3.4546
-1.5574
-3.3746
-1.9781
-2.5656
-1.8747
-1.6915
-1.7844
-2.7639
0.4799
3.4473
2.3494
3.4112
2.0825
2.2630
1.6425
1.7261
3.0749
3.9901
5.5279
4.8349
4.5766
4.2017
4.2155
6.0953
4.2134
4.4542
2.4239
3.3565
2.0039
2.5552
2.1815
1.5992
3.2692
2.2848
3.2437
2.7817
3.4562
1.5338
-0.8757
-0.7823
-0.8767
0.7620
-0.1745
0.5687
0.2258
-0.6796
0.7429
0.3717
-0.0210
0.0465
0.5110
-0.7212
-0.9356
0.2034
0.1147
0.4455
-0.1415
-0.1009
0.3986
0.0905
-0.9393
-0.4189
-0.3861
0.5798
0.9769
-0.8781
-0.6014
-0.1087
0.9697
0.6771
0.8974
0.3788
0.3017
0.1495
-0.6028
0.9473
-0.3475
0.2287
0.7150
1.9939
1.8376
2.9281
2.2077
1.6869
1.7493
2.4058
2.9620
2.3185
3.2548
1.6857
1.7175
-2.5601
-3.1958
-3.0163
-2.4325
-2.4309
-3.2667
-3.5360
-1.8044
-3.0720
-2.5379
-3.4539
-3.3585
-1.9452
-2.8872
-1.7223
-1.7403
-3.2480
0.1812
2.6417
3.4648
3.0839
2.7157
1.7057
1.8326
2.2589
2.6827
4.2874
4.4941
5.9569
5.3642
5.0765
5.4322
4.7562
4.6165
1.6759
1.7675
3.0976
1.7087
3.4663
1.7063
2.0182
2.6418
3.0614
2.2719
2.5843
2.2281
-0.1561
0.4691
0.7438
-0.0532
-0.9832
0.5521
-0.1750
0.6843
-0.5529
0.1196
0.1020
0.7854
0.1524
-0.4019
0.8333
0.0688
-0.1725
-0.8132
0.2894
0.1011
-0.0251
-0.6337
0.6917
-0.8537
-0.7479
-0.5321
0.4198
-0.6393
0.6368
-0.5646
0.2813
-0.2411
-0.0208
0.2312
-0.9919
0.7307
-0.5147
-0.2006
-0.8792
0.0272
0.0293
0.2490
2.3525
1.7858
3.3703
3.1579
2.6202
3.1665
2.4745
2.9827
2.7567
1.8553
3.4155
0.9983
-2.9746
-3.0974
-2.9009
-2.6583
-2.9125
-2.4046
-2.6039
-3.0431
-3.3632
-2.5072
-1.9858
-3.4237
-3.1490
-3.5099
-1.6046
-2.5560
-1.7619
1.2841
2.6874
3.0158
2.7165
2.0725
1.9522
3.0663
2.3907
5.3876
5.9265
4.7430
5.3485
5.8650
4.1250
3.5570
3.1434
2.9433
2.7226
3.2280
2.2451
3.4852
1.6601
1.6441
3.0697
2.9224
2.5975
3.0903
2.4726
1.7847
-0.1849
-0.2660
-0.9519
-0.6433
0.3395
0.7005
-0.0133
0.8149
0.0546
0.3843
-0.3383
0.3966
-0.6031
0.4888
-0.3924
-0.8766
0.6589
0.4872
-0.1543
-0.8942
-0.3756
0.4176
0.6282
-0.1326
-0.1540
0.6945
-0.5353
0.5869
-0.0746
0.1613
0.5648
-0.3466
0.7847
0.1342
-0.4663
0.3629
0.6506
-0.6440
0.9701
0.0238
0.9139
1.1576
2.0342
2.6387
3.0636
2.0466
2.5305
3.2404
2.8684
1.8781
1.6818
2.6981
2.1691
-0.3973
-3.2847
-2.0454
-1.5745
-2.2209
-3.4828
-2.9890
-1.7770
-1.6289
-1.9315
-1.8491
-2.0787
-3.4391
-2.0225
-1.5691
-2.7593
-2.8122
-2.1227
3.1671
2.6799
1.9675
2.2302
2.4232
1.8530
1.8901
4.4720
5.9837
4.9770
4.1541
5.8696
5.7777
5.3864
4.9641
2.6753
2.5005
2.0502
2.7365
2.0311
2.4422
3.1860
2.9377
2.6019
2.9749
1.7064
3.3128
1.8601
1.0590
-0.1257
0.4211
0.2771
0.7118
-0.6256
-0.2496
0.6956
-0.4179
-0.7125
0.4814
-0.7486
0.8751
-0.5020
0.4134
-0.1175
-0.0165
0.8199
0.8430
0.8987
0.5337
-0.7130
-0.2162
0.9177
0.6771
0.5619
-0.2030
0.1482
0.8433
-0.0649
0.9760
-0.1322
0.0719
0.1160
-0.8106
0.6893
-0.1578
-0.1849
0.5227
0.8569
0.2651
-0.4724
0.9272
3.4289
3.1090
3.0192
1.6708
3.2069
2.8448
2.6725
3.1375
2.0843
1.5774
3.4401
-0.0861
-3.0037
-1.6226
-2.9134
-2.0551
-2.6332
-2.3143
-2.4896
-3.2330
-2.0703
-2.1451
-3.3062
-2.0244
-2.9867
-2.7598
-3.5153
-1.9039
-1.7294
3.1532
3.0087
2.1157
3.3066
2.6770
1.5754
3.8709
5.1927
4.5352
6.0064
5.2243
4.8270
4.9730
5.4848
4.4372
4.2805
2.9869
1.8779
2.1131
3.3828
2.7948
1.6013
3.2099
2.6131
3.2505
2.7331
2.8842
1.1866
0.5103
0.8133
0.5886
0.2663
-0.0305
-0.5439
0.9589
-0.1685
-0.7019
0.3100
-0.1709
-0.2783
0.7115
0.9751
0.0220
0.2625
0.3885
0.1814
0.3598
-0.9907
-0.7580
-0.4524
0.9990
-0.7881
-0.7066
0.8033
-0.5633
0.2261
-0.6059
-0.5368
0.9503
0.7022
-0.5984
-0.7994
-0.4747
-0.5102
0.5118
-0.4101
-0.5283
-0.8374
0.5691
0.7284
-0.2365
3.3650
2.7185
1.7932
2.3159
3.0417
2.5981
3.0198
2.8569
2.8312
1.6042
1.8962
-1.6018
-1.7851
-3.0642
-3.4527
-2.6956
-3.4552
-2.1284
-1.6056
-2.1351
-2.0355
-2.7628
-1.8726
-2.5674
-2.3092
-2.6208
-1.5538
-2.4446
-1.9736
2.6934
2.9205
2.7638
3.4297
3.1930
3.3911
5.6738
5.7772
4.3956
4.4960
5.4828
4.3101
5.8959
5.9378
4.9474
4.4519
5.3954
2.9552
3.2602
2.3215
2.4891
2.4564
2.4329
2.9565
2.3697
2.5843
2.2708
0.0094
-0.0510
-0.4330
0.0293
0.2080
-0.3819
0.6193
-0.6082
0.1670
-0.3063
-0.4959
-0.3745
0.6575
0.1498
-0.9206
-0.4532
-0.2221
0.7209
-0.0193
0.2049
0.7103
0.5519
0.5688
0.3510
0.5765
0.3875
-0.9636
-0.8442
0.1855
-0.9412
-0.0846
-0.0213
-0.0162
0.9056
0.2935
-0.9459
-0.5637
-0.9212
-0.9994
-0.9579
0.8281
-0.0353
-0.0875
-0.4989
1.8713
1.7524
3.4604
3.4927
1.7606
2.6280
2.6614
1.8560
2.9133
2.7016
1.8790
-1.9043
-2.6432
-3.0743
-2.1432
-2.3621
-2.1665
-2.8320
-3.0344
-2.2688
-2.9305
-3.4713
-2.5766
-3.3295
-2.5456
-1.9959
-2.9750
-3.4561
-0.3671
2.8490
2.5332
1.8410
2.7195
4.1240
5.3620
5.3096
4.2566
5.3338
5.6618
5.2359
5.0648
4.2823
6.0277
4.1406
4.7781
4.3967
5.2269
2.2890
3.3796
2.2483
2.5574
2.6825
2.4629
3.1534
3.2341
0.1677
0.3936
-0.4712
0.5591
-0.5259
-0.2559
0.0111
-0.1750
0.4626
-0.4116
-0.0356
0.6946
-0.1768
-0.2892
0.7261
0.5684
0.5098
-0.2844
0.9123
-0.7398
0.7118
-0.1621
0.6284
-0.8816
-0.6625
0.9263
0.5066
0.9385
-0.3594
0.9022
0.1865
0.5475
0.8961
0.0080
-0.0966
0.4605
-0.0848
0.6009
0.4989
0.6190
0.4564
-0.6152
0.7058
0.4817
-0.7725
1.2934
3.2232
2.9100
3.2857
3.2488
3.0092
2.1309
3.1394
2.6442
2.0603
2.7497
-3.1156
-2.6395
-2.5945
-2.1287
-2.1484
-2.8821
-2.8602
-1.7014
-2.8563
-2.8208
-1.5681
-3.4003
-2.1401
-1.9382
-3.0209
-1.9335
-2.0725
-1.2869
3.1247
2.2003
3.8180
5.6590
5.1803
4.9404
4.9940
4.9423
5.0536
4.8934
5.3332
5.1402
5.5986
4.1392
4.6072
5.8052
5.1476
5.5284
4.8107
1.6030
2.4972
1.9055
1.9983
2.0644
3.0061
1.1910
0.8260
-0.0766
-0.9942
0.2404
0.2927
-0.0429
0.8680
0.4283
0.5747
0.9566
-0.5480
-0.1131
-0.1879
-0.5808
0.3349
0.1644
-0.5162
0.9411
0.4482
0.4199
0.0830
0.1621
-0.2787
-0.1721
-0.8560
-0.3989
0.7563
-0.3387
-0.8631
0.6086
-0.1119
-0.7226
0.9411
-0.0159
0.2116
-0.4558
-0.3311
0.2911
0.0313
0.2766
-0.4141
0.0451
-0.3494
0.9583
0.7824
0.1834
2.1695
2.4499
2.9483
2.0609
3.4340
2.2520
2.1860
3.1406
2.1212
1.5758
-2.6658
-2.2711
-3.2710
-2.3823
-2.2522
-1.6492
-2.7382
-3.1933
-2.1733
-3.2814
-2.9659
-1.9914
-3.1341
-3.0441
-1.8281
-2.5628
-2.7552
-0.1457
3.3993
4.5600
4.9782
4.7173
5.4794
4.9724
5.0511
4.3476
4.1049
4.1399
4.8585
4.8231
5.9356
4.2366
4.4296
4.2543
4.2357
5.1094
4.5782
4.3094
2.0035
3.2679
1.9829
2.3207
2.7960
1.0045
-0.3185
-0.8291
-0.9396
0.7609
-0.8269
-0.3933
-0.3283
0.2778
-0.8077
0.5354
-0.7530
0.3578
-0.8043
-0.6437
-0.3731
-0.6824
-0.8494
-0.6506
-0.6188
-0.9259
0.3353
0.4609
0.1384
0.2985
0.0150
-0.3966
-0.5555
-0.1097
-0.8067
-0.1306
-0.4491
0.7240
-0.7974
0.7375
-0.4930
0.2085
0.4319
0.4418
-0.0511
-0.8905
-0.1634
0.8277
0.6718
-0.4729
-0.4060
0.6644
0.7788
3.0811
2.9505
3.2503
3.3229
1.8936
2.4395
2.2972
2.7471
1.0715
-1.6759
-2.7373
-1.6919
-1.8205
-1.7144
-2.2019
-3.4613
-2.1075
-1.9311
-2.0265
-3.1419
-2.9352
-1.8154
-2.2927
-3.0355
-3.4823
-2.0644
1.2478
4.6311
5.8766
4.8049
4.9469
5.4919
4.1714
5.4998
5.6505
5.6906
5.0609
5.9503
5.7844
4.8279
5.5101
5.6813
4.4847
6.0796
4.7298
5.1540
5.1511
3.8391
2.1072
2.2600
3.4263
1.2619
-0.8814
0.4978
0.3729
0.0501
0.2693
0.0080
0.2134
-0.3654
0.7687
0.9537
0.0593
-0.2394
-0.4494
0.8144
-0.1126
0.0324
-0.7739
0.8803
0.5925
0.3390
0.3163
0.6150
0.1337
-0.5579
-0.4298
-0.6505
-0.1196
-0.3222
-0.4485
-0.5896
0.9757
0.9135
-0.3898
0.6386
-0.9655
0.6719
0.9351
0.7033
-0.4525
-0.7063
-0.2294
-0.5220
0.2851
0.7615
-0.4990
0.1945
-0.9368
-0.4309
1.9780
2.8094
2.1812
2.6978
1.8997
2.8162
3.4225
2.5516
0.6305
-3.0146
-2.8489
-3.0291
-2.2667
-3.0631
-1.7758
-3.2631
-2.4486
-3.3195
-2.5172
-2.5177
-1.9305
-2.4266
-1.5619
-3.3013
-3.3953
-2.0896
1.5869
4.7963
4.1997
6.0658
5.3497
4.2474
5.4854
4.3855
5.6456
6.0501
5.2735
4.6742
4.3042
5.1890
4.9740
4.9372
4.9452
4.1243
4.4075
4.9437
4.5586
4.8800
2.8432
3.4170
1.4441
-0.4634
-0.5484
0.2764
0.8217
0.9550
0.3831
-0.8742
0.7006
0.3366
-0.4790
-0.2482
-0.1617
0.7019
0.9790
0.5456
0.2466
0.3737
-0.6889
-0.9194
-0.9276
-0.9740
0.9394
-0.5215
0.3451
-0.1947
0.7131
0.4985
-0.8672
-0.6481
0.0555
-0.8392
-0.2409
0.2993
0.5604
0.7245
-0.8088
0.8282
0.0654
-0.4947
-0.2543
0.4212
0.4887
0.6334
0.7670
-0.9425
-0.7326
-0.1920
-0.2176
0.7885
0.4890
0.2950
1.4100
1.6745
2.3142
2.5864
1.6298
2.5196
1.9997
-2.8425
-2.8418
-2.3146
-2.7396
-1.6603
-2.7084
-2.3425
-3.3310
-2.4621
-1.9033
-1.7119
-2.6347
-1.8784
-2.9955
-2.1702
-0.3820
-0.6433
2.4863
5.5480
5.8798
5.3409
5.5299
5.3752
5.8964
4.3998
5.5325
4.4982
4.3302
4.9204
4.6961
5.4967
6.0375
5.2918
4.3417
5.1310
4.5158
4.9687
4.8067
6.0087
4.3665
2.7395
-0.4208
0.0896
-0.2830
-0.8147
-0.6411
-0.4832
-0.2371
0.5605
0.1755
-0.7620
0.8274
-0.3855
0.2802
-0.9312
0.6986
0.3794
0.7672
0.1328
0.8459
0.2649
0.1909
0.1802
-0.8684
0.0657
0.8680
0.5733
-0.6045
-0.7425
0.0557
-0.1743
0.3998
-0.6468
-0.8671
0.3686
-0.2564
-0.1603
-0.4341
-0.5001
-0.1169
-0.3373
0.8844
0.7975
-0.1583
0.7941
0.4722
0.3129
-0.5336
-0.9970
-0.0813
0.2620
0.6863
0.7122
0.8204
1.7971
1.4049
1.8704
2.9458
3.4566
0.4495
-3.0651
-2.7594
-3.0857
-2.0422
-3.2313
-2.8779
-3.2822
-2.1303
-2.3139
-2.8633
-1.9441
-1.6796
-2.3540
-1.4647
0.3443
-0.6682
0.3652
2.8549
4.7128
5.0783
5.8257
4.9822
4.8311
4.1316
4.3551
4.1264
5.8271
5.3226
5.1961
5.1384
4.3661
5.2774
4.7266
5.7464
4.8763
4.7114
4.2006
4.2177
4.1733
4.0190
0.1638
-0.8331
0.8233
0.2729
0.4334
-0.9282
0.7421
0.2001
-0.3773
-0.7711
0.3735
0.0190
-0.9706
-0.2447
-0.7824
0.7060
-0.1928
-0.7725
0.6646
-0.1229
0.1426
-0.2446
-0.6954
-0.2794
-0.3244
-0.8134
0.4622
0.4488
0.6731
0.5299
0.5757
-0.3105
0.6747
0.1073
-0.6499
-0.2620
-0.1873
0.7851
-0.5414
0.2076
-0.2877
0.9152
-0.0586
-0.2471
-0.8463
0.8519
0.7602
-0.3189
0.1486
0.2103
0.1495
0.1571
-0.5975
0.5182
-0.6758
-0.9021
0.7645
1.6309
1.2681
0.9528
-1.9900
-2.7036
-2.1581
-1.7886
-3.5098
-2.9478
-2.5771
-3.3815
-1.5879
-2.6106
-2.5202
-2.4007
-1.6444
0.5910
-0.1702
-0.4566
0.3564
2.3806
4.8736
4.2339
5.1828
5.3823
4.3968
4.6579
6.0857
4.6221
5.0665
5.0636
5.8238
4.5284
4.7438
5.2217
5.5026
5.2389
4.2421
4.6866
4.3591
5.3918
4.8677
3.2295
1.7996
0.2456
-0.2855
-0.4727
-0.5453
-0.8950
-0.7467
-0.1530
0.2975
0.0963
-0.8037
-0.5440
0.6356
-0.5926
0.3600
-0.0320
-0.9641
-0.6339
-0.0908
0.4404
0.9952
-0.5382
0.6013
0.5603
-0.7629
0.5130
0.5882
0.5413
-0.1340
-0.7490
0.5136
0.5742
-0.0467
0.3704
0.0970
0.1958
0.0083
-0.4434
-0.9521
-0.1635
-0.6399
0.0392
0.8147
0.0445
-0.2951
-0.7140
-0.7549
0.4298
0.0836
0.8365
0.8621
-0.7850
0.8669
-0.7728
-0.7288
0.1186
0.4125
0.2361
0.2750
-2.7525
-4.8047
-3.9138
-4.6875
-4.0469
-3.8367
-4.3664
-3.8587
-3.9639
-3.2895
-3.7491
-2.9827
-1.2921
-0.9456
0.0547
-0.3724
-1.0404
-0.4722
3.0855
5.2392
5.4984
4.9687
4.5320
5.8272
4.6633
4.8851
5.6635
5.3278
5.3752
4.3226
5.1913
5.8223
5.6955
5.6429
5.7680
5.9692
4.1359
4.8795
5.1154
3.8551
2.7363
2.3415
-0.4010
-0.0419
-0.3293
-0.8356
-0.1031
-0.9361
-0.8019
0.5712
-0.6486
-0.2429
0.2897
0.5385
0.9080
-0.3579
-0.5381
-0.1798
-0.7478
-0.0554
0.2774
0.3056
-0.2746
-0.1088
-0.9892
-0.4306
0.6414
0.9307
-0.7186
-0.3914
-0.8477
0.9661
-0.6354
0.6120
0.3404
-0.4476
0.1739
-0.8432
0.2092
-0.3837
0.0653
-0.3892
0.1100
0.4688
0.6460
-0.7247
-0.3793
-0.8811
-0.2731
-0.5042
-0.3252
0.6403
-0.2123
-0.7696
0.8426
-0.0253
0.9056
0.9556
-0.0698
-0.5338
-2.0224
-4.8815
-5.5175
-5.3262
-5.3805
-4.4811
-5.9363
-4.9672
-4.2458
-4.8170
-4.2584
-2.5671
-2.3829
-1.9499
-3.3018
-3.3957
-3.2198
-2.9580
0.9453
4.1875
4.5946
5.5464
5.0424
5.0376
4.1200
4.1800
4.7110
4.2370
4.2027
4.4409
5.2922
4.8775
5.7644
4.9472
4.3244
4.7794
5.6106
4.6495
4.1160
2.4205
3.3511
2.8339
0.4569
0.4371
-0.6052
-0.2009
-0.7761
-0.4920
0.9445
-0.8494
-0.8703
0.6568
-0.6789
0.8874
-0.6800
-0.6822
-0.2367
-0.6459
0.3915
0.5937
-0.4471
-0.6032
-0.7217
-0.7059
-0.6528
-0.7361
0.1601
-0.2940
-0.2800
-0.6867
-0.4617
-0.4104
0.4508
-0.7530
-0.5472
-0.6272
0.3534
-0.9605
-0.9009
-0.3212
0.4595
-0.8178
0.1856
-0.9631
0.2077
0.0965
0.6670
-0.0551
-0.1395
-0.9307
-0.8826
0.2867
-0.0054
0.9216
0.6570
0.0923
-0.2092
-0.8815
-0.5294
-0.3200
-2.7283
-5.0825
-5.9257
-4.7246
-5.6751
-4.6782
-4.2212
-5.8442
-5.1622
-3.6511
-2.5933
-2.0769
-3.0852
-3.1253
-2.1668
-2.4727
-2.9374
-2.8608
-1.0260
2.6521
3.3892
3.1525
5.2592
4.7793
5.4736
5.6857
5.1367
5.4365
5.8784
4.2654
5.4019
5.9210
5.7584
5.2381
4.9188
4.5243
5.0052
3.2489
3.0938
3.4744
2.9432
2.5782
1.3565
-0.9397
-0.0606
0.9630
0.6521
0.6497
-0.0510
0.7458
0.2946
0.4541
-0.0804
-0.3497
-0.6241
0.6301
-0.2456
0.8994
-0.7060
0.9248
0.6229
0.8713
0.2477
-0.1402
0.1861
-0.9089
-0.5994
-0.2047
-0.8077
-0.8789
0.3610
-0.5197
0.7621
-0.3968
0.7285
-0.4329
-0.3333
0.2505
0.3554
0.0130
0.3831
-0.9100
-0.2044
0.5763
0.4035
-0.4443
0.1373
-0.1591
0.7658
-0.7623
0.6821
0.0541
-0.7718
-0.3566
0.7651
0.0845
0.9156
0.5208
0.7807
0.6579
-3.0437
-4.7495
-4.9760
-5.5270
-4.9017
-6.0582
-5.9927
-4.3493
-2.8086
-1.9532
-1.5988
-2.7419
-2.9499
-2.0051
-2.6410
-1.7096
-3.1994
-2.5228
0.0210
2.6910
1.8651
3.2153
3.3857
4.9200
6.0242
5.8132
4.6010
5.7534
5.5717
5.2170
5.2891
4.7168
4.5969
4.4722
5.9124
4.2001
3.4057
2.8178
2.0676
2.5951
1.7695
2.7169
0.9414
0.9441
0.4371
-0.8475
0.5186
-0.4607
0.3058
0.9325
-0.7618
0.5332
0.4244
0.6663
-0.5390
0.8762
-0.6298
-0.9054
-0.7676
-0.5232
0.9351
0.7583
-0.0170
0.7820
-0.0762
-0.9366
0.1432
0.2969
-0.6442
-0.0600
0.8479
0.5695
-0.6990
0.8597
0.9734
-0.4432
0.6594
0.9743
0.4562
-0.7842
0.6526
-0.6618
-0.5289
-0.5042
-0.1204
-0.0087
0.0131
-0.7312
0.6651
-0.6723
0.7549
0.2527
-0.3892
0.8233
0.4972
-0.0363
-0.3401
0.9064
0.2998
0.3648
-3.3397
-5.3746
-4.4122
-5.6804
-4.8667
-4.8967
-2.9923
-3.2000
-1.8454
-2.3183
-2.3481
-1.5763
-1.7849
-3.2028
-2.1924
-2.9657
-3.3693
-3.0110
-0.4356
3.4955
2.6812
3.3170
3.1722
3.3140
3.4493
5.1687
4.6361
4.7755
5.7642
4.3453
4.4892
5.3778
5.4146
4.4567
3.4961
2.7211
3.3230
2.6182
2.4595
2.8319
1.9360
2.5130
2.3005
0.5738
-0.9801
0.0124
0.5800
0.5793
-0.6760
0.8816
0.3527
-0.8444
0.2381
-0.3469
0.5396
-0.9036
-0.2389
0.7786
0.9888
0.0207
-0.7429
-0.9993
0.5948
-0.5643
0.7262
0.6008
-0.8948
0.0259
-0.8823
0.8896
0.4893
0.8318
0.9806
-0.4583
0.3155
0.1981
-0.4629
-0.8131
-0.0081
-0.5823
-0.8928
-0.2850
-0.8691
-0.1565
0.9759
-0.6404
-0.5342
0.5148
-0.4612
0.6516
0.4852
-0.5020
-0.3549
0.3076
-0.2400
0.9449
-0.5530
-0.9673
0.8335
0.1615
-2.0370
-4.5653
-5.9292
-4.2756
-2.5413
-3.4491
-1.7976
-3.3843
-3.3038
-2.5913
-2.2941
-3.2174
-2.3072
-2.9017
-1.7953
-2.9479
-2.8424
-1.6755
-0.3687
2.8069
3.4890
2.8125
2.8933
2.5832
3.1309
5.1015
5.9406
5.7039
4.4967
5.2913
5.8516
5.2235
5.1549
2.9992
2.1047
1.7264
3.1319
2.1566
2.3696
2.5980
2.1801
3.0092
1.7645
-0.8727
-0.1059
0.0099
-0.5068
0.5839
-0.5622
-0.3319
0.1513
0.5880
0.5475
-0.1752
0.0986
0.6650
-0.3136
-0.2728
-0.7312
-0.7294
-0.1063
0.7882
0.0442
-0.8327
-0.3699
-0.8161
0.8029
-0.9764
-0.5225
0.2325
-0.2712
-0.7027
-0.1464
-0.2315
-0.3309
0.0930
-0.8506
0.5113
-0.3866
-0.3250
-0.7292
0.6181
0.0495
0.7647
-0.3488
-0.1374
-0.5086
-0.7123
-0.4326
-0.9122
-0.0912
-0.0577
0.4021
-0.2292
0.5013
-0.1036
0.5611
-0.5434
0.0123
0.1721
-2.5755
-4.7936
-4.1219
-3.2376
-3.5387
-1.6315
-2.0850
-1.9260
-2.8676
-2.2212
-2.8501
-3.1940
-1.5977
-2.9145
-2.0790
-3.1417
-2.4244
-2.0864
-0.5184
2.3882
1.8353
2.7344
3.2991
3.2265
2.3558
5.4658
5.7037
6.0363
5.0241
4.7928
6.0306
3.7865
3.2872
2.8374
3.3299
2.4599
1.8045
2.3399
2.4466
2.7353
1.8596
2.7735
2.1808
-0.4321
0.3021
-0.3803
-0.0698
0.9792
0.7791
-0.6035
0.4891
-0.9344
-0.0667
0.9088
-0.9388
-0.8897
-0.0667
0.6687
-0.7982
-0.3284
0.3659
-0.2491
-0.6937
0.6776
-0.1366
0.2330
-0.2066
-0.6768
0.5645
-0.5654
-0.7667
-0.6360
-0.8295
-0.5514
-0.3650
-0.5162
0.0368
-0.3299
0.8365
0.0156
-0.0345
-0.5641
-0.6763
0.3380
-0.1599
0.1889
-0.3526
-0.9628
-0.7081
0.5064
0.9594
-0.2267
0.3547
0.0618
-0.9458
-0.3547
0.0300
0.3069
-0.3969
0.3036
-2.3781
-2.7129
-1.7481
-3.4931
-3.1949
-2.2970
-2.5109
-2.9201
-3.0339
-2.1530
-2.5542
-2.4356
-2.2017
-2.3856
-3.1719
-1.8092
-3.1379
-2.7417
0.1886
3.3267
3.1497
3.3655
2.4520
2.3072
2.4189
4.9884
4.9953
5.5551
4.6899
5.9035
3.7587
3.4962
3.3395
3.3161
3.1568
3.0770
1.5895
2.0069
3.1297
1.7839
2.6342
1.9902
1.6557
0.4103
-0.7325
0.6817
0.9373
-0.6071
-0.6675
0.5537
-0.0106
0.4085
0.2796
-0.5995
0.5849
0.7511
-0.8236
0.6974
-0.5863
0.5032
-0.2121
-0.7653
-0.5444
-0.1908
-0.7783
-0.3725
0.4668
0.7896
0.3435
-0.8954
0.4966
0.1662
0.8994
0.4601
0.0749
-0.6970
0.8518
-0.3493
-0.4450
0.0730
-0.4059
0.0358
-0.3175
0.5668
0.6278
0.4595
-0.3063
0.2474
-0.4954
0.3892
-0.1574
-0.1034
0.5792
0.8726
-0.8593
0.9935
-0.2140
0.8401
2.7656
2.2867
-3.2104
-3.3528
-3.3474
-2.7909
-2.6980
-2.6469
-2.2125
-1.5659
-2.8531
-2.9055
-2.1312
-3.2144
-2.8556
-2.5065
-1.6110
-1.5675
-3.5452
-1.5838
-0.9782
3.4050
2.6491
2.2276
2.4213
2.9064
2.8648
5.6493
5.6743
5.7891
4.0925
2.7425
2.7609
3.3826
2.9121
2.7726
1.9666
3.0688
3.1735
2.8017
2.3072
1.7816
3.3094
2.1623
3.5000
-0.1359
0.0838
0.0674
0.7318
0.1222
-0.9759
-0.4708
-0.3790
0.5272
0.9802
0.9451
0.3926
-0.1857
0.2074
0.8404
0.2779
0.1592
0.4158
-0.7692
0.4222
0.3871
-0.8657
0.3446
0.1383
-0.8722
0.3520
-0.4429
0.5493
0.6422
-0.7793
-0.7540
-0.2791
-0.1260
0.9864
-0.5016
-0.4195
-0.0170
-0.8199
0.8446
-0.6137
-0.4375
0.6567
0.8453
-0.3638
0.2962
-0.7026
-0.4224
-0.2446
0.8245
0.0728
-0.0861
0.7635
0.2302
2.1410
3.0774
2.6701
1.8910
-2.5756
-3.0094
-2.3990
-3.4856
-3.2131
-3.0062
-2.0259
-1.7108
-2.1068
-3.0604
-3.1773
-2.4150
-2.7844
-2.1364
-2.8294
-2.6295
-1.6758
-3.4111
1.0271
2.1032
1.6613
3.3167
1.9814
3.1336
3.4727
5.6275
4.3854
3.0939
1.9066
2.6543
2.8921
3.0761
1.6849
3.4213
3.1033
2.7131
2.8923
2.7846
3.0021
3.0035
2.8855
2.3605
3.1920
0.1360
0.4846
0.4240
0.7114
-0.3117
-0.1453
-0.5756
0.9318
0.1286
0.1637
0.7624
-0.1765
0.1645
0.9391
0.8001
-0.2665
-0.0088
-0.0224
0.3017
-0.8567
0.2951
-0.9715
-0.3775
-0.2989
-0.8130
-0.0508
0.4963
0.5616
-0.8979
-0.0706
-0.4708
0.5640
0.7786
-0.4271
0.0829
-0.4303
0.0503
-0.0288
-0.9501
-0.6531
-0.4832
-0.5490
0.7582
0.0486
0.2680
-0.7723
-0.7541
0.8446
0.2615
-0.8485
0.3288
2.3279
1.9289
3.5399
2.8606
1.7970
-0.3479
-1.9508
-1.7107
-3.5478
-2.3193
-2.6943
-3.1529
-2.3902
-2.1628
-2.0559
-2.0200
-2.5727
-2.1756
-3.5194
-2.2648
-3.4904
-3.2426
-3.5266
-1.8280
-0.2984
1.6448
2.4716
2.8929
3.1503
1.7051
4.7580
4.9825
3.4742
2.6244
1.8712
1.6844
2.6983
2.2516
2.9255
1.9997
2.2022
1.8677
3.0498
1.5797
1.6589
3.0625
2.8977
1.9873
3.5398
0.7815
0.6380
0.4381
-0.6875
0.7105
0.7121
0.0058
-0.1633
-0.8514
0.7518
-0.4998
0.2296
0.5472
-0.0825
0.0199
-0.1782
-0.4176
0.4291
0.1141
0.7792
-0.8472
0.9202
0.6962
0.4759
0.1757
-0.6067
0.4501
-0.4998
0.6166
-0.0548
-0.6595
0.0602
0.9335
0.1725
0.6565
-0.5087
0.6008
0.1747
0.5852
1.2861
1.0531
0.9073
0.8645
-0.9060
-0.4817
-0.7889
-0.8239
-0.4733
1.1424
0.8870
2.5931
3.4476
3.4650
2.2354
3.1965
2.0294
-1.4743
-2.6001
-3.3965
-3.3913
-2.2117
-1.9599
-1.6390
-2.1893
-2.4803
-2.4549
-2.0224
-1.8239
-2.0157
-3.3569
-2.8376
-3.4649
-3.2022
-1.7721
-2.9268
1.2962
3.3016
3.5325
3.4407
3.4478
3.5787
4.0007
2.2232
3.0304
2.9395
2.6169
1.8903
3.3945
2.1848
2.5312
2.6707
2.9207
2.8023
1.8612
1.5623
2.0531
2.6683
2.6512
2.2338
1.3348
0.2676
0.7517
0.6319
0.2601
-0.1117
0.5296
0.3464
0.7883
-0.6961
-0.3609
-0.1602
0.3303
0.8874
0.8643
-0.3961
-0.0015
0.5740
-0.5872
0.6436
0.8020
0.1293
-0.6634
0.0157
0.6896
0.8912
0.4546
-0.8024
-0.5645
0.2030
-0.9557
-0.3547
-0.7657
0.1824
0.7129
-0.0070
1.6305
2.0908
3.1598
3.3420
3.1683
2.7146
2.6485
1.8601
1.1792
0.4019
1.7894
2.2640
2.8658
2.8067
3.2688
2.1889
2.7314
3.4077
1.9585
1.8355
0.9291
-1.5956
-3.1045
-2.4592
-3.0057
-1.7522
-2.7162
-2.2757
-2.3888
-1.8669
-3.4260
-2.6541
-3.5277
-3.5078
-2.0679
-1.5610
-1.9385
-1.9893
-2.6895
-2.3187
1.3832
3.4759
3.0831
1.6605
2.5605
2.4978
1.8809
3.3866
2.4529
1.8877
2.6862
1.8843
2.3948
1.7109
2.8800
2.3417
3.4715
3.1906
2.4697
2.4589
2.0852
2.6443
3.3823
1.7650
1.4911
-0.3436
0.2367
-0.2811
0.6357
0.9259
0.4112
-0.7543
-0.3670
-0.1474
-0.7819
-0.9956
0.2885
-0.7569
-0.0088
0.1271
-0.7884
0.2531
-0.3565
-0.6281
-0.7395
-0.2652
-0.7485
0.1131
0.3296
-0.9173
0.3843
0.1287
0.5660
-0.5116
0.9373
0.4269
0.5431
-0.2991
0.1941
1.8987
2.6811
2.2094
2.5521
1.9039
2.8925
1.5998
3.3574
3.6097
3.6725
3.9105
5.6828
5.6847
5.9925
4.1276
3.6615
4.4595
4.0129
2.8140
3.0919
2.6782
-1.6793
-1.6397
-2.9449
-1.5914
-1.8448
-2.1819
-2.7642
-3.2191
-2.6418
-3.4586
-2.8348
-2.5302
-1.8540
-3.4532
-3.4445
-3.3150
-3.3519
-2.0242
-2.0402
-1.5102
3.4223
3.5299
3.0720
2.0945
2.3001
1.7103
1.9925
3.0363
2.8149
1.8232
3.0955
3.0812
2.5032
2.7797
2.7605
2.2104
1.7293
2.5882
3.5439
2.6444
2.1550
3.1565
2.2171
2.4673
0.9770
0.9926
0.7281
0.0776
0.2502
0.6546
-0.5526
0.7140
0.0255
-0.0539
0.8723
0.0965
0.7627
0.4015
0.9806
-0.6437
-0.3199
-0.6758
0.6678
0.1584
0.1370
-0.8509
-0.0215
0.4240
-0.5457
-0.2022
0.1447
0.8255
-0.0213
0.8437
-0.7954
-0.5747
0.2086
1.4386
2.8409
2.6698
3.4288
2.9060
3.6917
3.3401
4.0995
4.0829
5.7212
5.6682
4.3101
4.7327
5.6197
5.4549
4.7717
5.0464
4.3204
4.7536
4.1437
5.4620
5.9415
2.5812
-0.7026
-1.1929
-0.7253
-1.1251
-1.5353
-1.6975
-3.4249
-3.4549
-2.3301
-1.8791
-3.1964
-2.5289
-2.4577
-2.0878
-2.1101
-2.3093
-3.0529
-1.8240
-1.7426
-1.6384
3.4682
1.6757
1.6877
3.3532
1.9750
2.1121
2.2644
2.0620
2.4538
1.6330
3.2572
2.2915
3.5106
2.1543
3.3103
2.4597
3.3328
1.5537
2.2419
1.5726
1.6722
2.3925
2.4966
2.0949
0.5636
0.7827
-0.9460
0.6826
-0.2558
-0.2170
0.6906
0.4925
-0.0755
0.3450
-0.9257
0.0646
-0.0527
-0.7095
-0.1767
-0.2449
0.8598
-0.7647
-0.4781
-0.1418
-0.2140
0.4872
0.0802
0.9353
-0.9385
-0.4117
0.1492
0.6556
-0.8781
0.8188
-0.6444
-0.0624
1.3259
2.6565
2.0332
2.6665
4.4840
5.1681
5.4867
5.9815
4.5686
4.2195
4.6829
6.0805
5.4539
5.4045
5.0748
4.8585
5.2039
4.8317
5.2970
6.0309
5.7702
5.0738
5.5067
2.6804
-0.9422
0.8582
0.4701
-0.5168
0.2819
-0.9379
-1.4177
-0.0637
-1.0661
-0.8101
-1.9971
-2.5518
-1.9709
-2.0350
-2.3901
-2.0063
-1.9624
-0.8763
-1.3790
1.2867
4.1132
2.5029
2.4492
2.5029
1.7118
2.7548
3.0727
1.6542
2.7028
2.0181
1.6937
2.2032
3.0760
2.0657
3.2283
2.1468
2.3258
2.7143
2.3603
2.0224
3.4323
1.6041
3.0078
2.3274
0.0846
-0.3335
-0.5543
0.0190
0.1088
-0.5950
0.1959
0.9846
-0.9713
0.8719
-0.9893
-0.5058
0.5920
-0.1540
-0.7275
0.9146
0.7494
-0.4256
0.6942
0.6282
-0.3806
0.4361
-0.1803
0.2934
0.6309
0.0388
-0.5350
0.0216
-0.2423
-0.4019
-0.4567
0.5591
3.8302
4.3796
5.2013
4.7147
6.0940
4.6277
5.5149
5.3892
5.6136
4.4308
4.3062
6.0783
5.1822
4.8606
5.0423
4.2201
5.6220
4.8908
5.1123
5.6342
5.4817
4.8327
4.9044
-0.2442
0.2346
-0.9253
0.7454
0.0031
0.0233
-0.9939
0.6071
0.0866
-0.3008
-0.3654
-0.0678
0.5361
-0.0854
-0.8136
0.5099
-0.2321
-0.3170
-0.6752
-1.4142
2.6285
2.6268
3.3593
2.5454
1.6866
3.0157
2.8810
2.9642
2.8166
3.3028
1.7270
3.1643
3.4974
2.0529
3.2894
1.6934
1.6143
2.2608
2.6787
1.7527
3.5397
1.8817
1.5609
2.8087
1.4104
-0.4756
0.2970
0.2336
-0.3267
-0.7826
-0.2251
0.1509
0.1762
0.5203
0.4375
-0.6505
-0.4348
0.3592
-0.7533
-0.0081
0.1712
-0.1269
0.2342
-0.3409
-0.5095
-0.9945
-0.5484
-0.2202
0.6900
-0.9525
-0.7789
0.8974
0.6764
1.2119
1.7116
2.8739
4.6258
5.8759
4.4170
6.0040
6.0199
5.0275
6.0487
5.6583
5.6353
4.4595
4.2575
4.8863
5.3129
5.8671
5.9448
5.6122
4.1642
5.2693
4.6578
5.3137
4.4920
4.5848
5.9347
4.0529
-0.9272
-0.7011
-0.4701
0.1895
-0.2133
-0.7801
0.9138
-0.0102
-0.1705
0.8661
0.4401
-0.0346
0.0607
-0.1948
0.5789
0.1523
0.8643
-0.2640
-1.7901
-1.6255
2.9978
1.6358
1.8199
2.7086
3.2310
3.1108
1.7162
2.8166
2.7775
2.5373
3.0721
3.2600
2.9401
2.0301
3.3696
3.4038
3.4526
3.2478
3.0056
2.7329
2.8147
2.9873
1.8425
3.5036
0.9623
-0.1756
1.8567
1.9526
1.0053
1.0455
1.7714
-0.6116
-0.0992
-0.8125
0.0806
-0.5087
0.7635
-0.4169
0.2247
0.2023
0.3709
-0.6758
-0.3502
-0.9023
-0.5062
0.6092
0.0593
0.0900
-0.0659
0.6217
1.7580
2.5296
1.9588
1.9344
1.9374
2.6477
5.3399
4.6589
4.8419
5.4840
4.8692
4.8151
4.5594
4.5049
4.9642
4.5555
5.9094
4.5670
4.8952
5.1263
4.4692
4.7800
5.4469
4.9690
4.2418
4.4513
4.8798
4.1783
4.9971
0.9010
-0.1059
-0.1871
-0.1477
-0.1762
-0.0063
0.2481
0.6900
-0.4298
-0.2312
0.7549
-0.7810
-0.6183
-0.7093
-0.9453
-0.9914
0.6820
0.1177
-0.6099
-0.3700
1.8980
3.6682
3.1543
3.0244
2.4731
3.4793
3.0476
2.2412
3.3048
2.4036
3.1121
2.8404
3.1970
3.2029
2.0717
2.8322
2.8396
2.0943
1.5935
2.9023
2.2745
2.0812
2.1496
3.4094
1.8429
3.0490
2.4627
3.2844
3.5309
3.2229
2.6784
2.1029
1.9254
2.2135
-0.2217
-0.5810
-0.8179
0.3772
-0.5944
-0.6603
-0.8142
0.0239
-0.4795
-0.9978
0.2656
0.8396
0.8674
1.3327
2.3555
2.7940
3.4856
2.9146
3.4615
3.1992
2.7128
2.9427
3.4980
5.9424
5.2823
5.7306
4.6962
4.6503
4.2100
4.5453
4.1198
5.4589
4.2348
4.5268
5.4901
4.9258
4.5889
4.5125
5.4647
4.1460
5.6144
5.5064
5.8807
4.6065
4.9476
2.9603
0.0707
0.5812
0.1400
-0.1236
0.5561
-0.7722
-0.3939
-0.3817
-0.0073
-0.8849
-0.6103
0.2267
0.1993
-0.8579
0.7732
-0.4859
-0.9394
-0.9902
0.7480
-0.4581
4.2197
5.8946
4.3581
5.7967
4.1187
4.8963
5.1660
4.3313
3.1498
3.3470
3.0673
3.4145
3.0810
3.8299
3.5608
1.9021
3.4203
2.8382
3.5008
1.8022
1.8441
2.0519
3.5949
4.9524
2.3862
2.3906
2.7634
2.5709
2.7655
2.7215
1.8749
3.2731
1.6137
1.8705
1.8101
1.6916
0.9705
0.2342
-0.6747
-0.1708
-0.7245
0.6612
-0.6386
-0.0722
0.1379
3.1058
2.4284
2.5513
2.7855
3.1265
1.6574
1.8732
2.7549
2.0281
2.4970
2.1110
3.4320
6.0682
5.0781
4.4372
4.8045
5.8919
4.8210
4.5205
3.1344
2.6846
2.8822
3.1790
4.3563
5.5444
5.8881
4.6797
5.0766
4.1854
5.5103
4.6402
4.5418
4.3703
2.8954
0.5005
-0.7304
-0.6877
-0.5539
-0.8268
-0.1043
-0.4263
-0.6522
-0.5527
0.9949
-0.1519
0.0239
-0.3981
-0.9746
-0.7578
-0.8942
0.8393
-0.9110
-0.8138
-0.5431
0.5035
3.0905
4.9558
4.8216
4.8597
4.2184
4.8079
5.2982
4.2822
4.7719
4.6372
5.4963
5.0597
6.0131
5.2287
4.5326
5.2733
5.9150
4.1347
4.9000
5.2077
5.1839
4.5050
5.8481
4.1821
2.0909
3.0104
2.8575
2.3830
1.7716
2.2284
1.6511
3.2429
2.6017
2.0445
2.1782
2.8232
0.0195
-0.2368
0.0747
-0.6594
0.3000
-0.1028
-0.0885
-0.5623
0.9793
1.6146
3.0801
3.5348
1.6400
1.7489
2.9410
2.1550
1.8117
2.4267
2.6304
1.8736
4.9993
5.3597
4.5303
4.8622
5.5816
5.0349
3.1354
4.6349
4.9258
5.0924
4.4403
3.3620
2.2957
2.9060
2.7305
2.8542
2.2162
1.6456
1.6794
2.0287
0.6586
0.9696
-0.8998
-0.2986
-0.3689
0.9686
-0.1939
0.7567
-0.5766
0.4943
-0.5086
-0.2484
0.9138
0.0092
0.5824
-0.1782
0.5785
0.5859
-0.3567
-0.1809
0.5583
0.4210
-0.9480
-0.9795
-0.1076
0.8702
-0.5782
-0.7880
0.5677
0.2621
0.5735
-0.3882
0.2528
0.7524
0.1129
0.5145
1.3005
0.7554
0.7737
2.1399
1.5382
1.5188
0.5760
1.4963
0.6326
1.3498
1.8604
-1.5806
-2.0739
-0.5534
-1.0763
-1.5187
0.5445
1.0283
3.4144
1.8816
2.4595
3.1556
2.3372
2.2187
3.0213
1.0189
0.8792
0.0869
-0.6311
-0.4184
0.7532
0.1083
-0.0532
3.2565
2.8237
2.1014
1.6242
2.2575
2.4592
2.8237
3.4449
2.9590
2.3153
2.3364
4.5260
5.2190
4.6776
4.0237
4.3749
4.4739
3.1777
2.8567
-0.0980
0.7449
0.0366
-0.9033
0.8071
-0.6839
0.4637
2.1824
1.1174
0.4676
-0.8571
-0.9645
0.6425
0.6432
-0.4654
0.7533
0.5089
0.2687
0.1455
-0.8667
0.0037
0.5675
-0.8980
0.7415
-0.4237
0.2297
-0.8176
0.6952
-0.6771
-0.4704
-0.3838
-0.7742
-0.9427
0.4005
0.1423
-0.3973
-0.1629
0.9170
-0.2011
-0.0148
0.6610
0.5800
-0.6896
-0.2678
-0.1492
0.2018
0.9714
0.6731
0.7111
-0.1657
0.4613
-0.8906
0.9399
0.4569
0.0230
-0.8154
0.9174
-0.9236
-2.3763
-3.5390
-1.5616
-2.4041
-2.0595
-3.2538
-1.7550
-3.1182
-1.3892
0.5992
2.0838
3.0507
2.0752
3.0560
1.6778
1.2573
-0.2040
0.7540
0.2588
0.7380
0.8636
-0.1428
-0.4826
2.3571
2.6445
2.5243
1.9170
1.9435
1.7452
2.7072
2.0026
3.4747
1.9173
1.6738
4.1865
5.3295
4.4258
3.6441
2.9508
1.1764
-0.8053
-0.6369
0.3909
-0.7455
-0.0060
-0.4824
0.3000
-0.4902
0.7494
1.6416
1.8227
0.1716
-0.1862
-0.8835
0.3540
-0.8657
0.4601
-0.0789
-0.4395
0.1797
0.3346
-0.1768
-0.7796
-0.0809
-0.7809
-0.8760
0.8022
-0.7933
-0.9009
0.8241
-0.5360
0.3440
-0.1862
0.9150
-0.0955
-0.9571
-0.8125
-0.3439
0.0498
-0.7021
0.4615
0.7788
-0.6680
0.7929
-0.4515
-0.2489
-0.0697
-0.7747
-0.9054
0.0073
-0.1467
-0.3799
-0.8668
-0.5913
0.3891
0.0227
-0.7175
-0.2828
0.9029
-1.8139
-1.8904
-2.2744
-2.8165
-1.6602
-1.6901
-1.8679
-3.4821
-3.0318
-2.8029
-2.0070
-1.3816
2.6206
2.5390
2.5399
1.5935
2.5972
0.8702
0.7794
-0.0807
-0.8305
-0.9922
0.0952
-0.3409
1.6482
3.0289
2.5854
2.9667
2.3303
3.4017
2.2522
2.2557
2.8897
2.6837
3.4103
3.5337
5.8884
4.8878
2.9817
0.2101
0.4027
0.5922
-0.7421
-0.7103
-0.1213
0.8173
-0.8690
-0.0376
-0.1024
-0.1220
1.1612
0.5371
2.7840
0.9883
-0.5429
0.2887
-0.5275
-0.5300
-0.0289
-0.2574
0.2700
0.8869
-0.9395
-0.6386
-0.3337
0.1170
0.3205
0.3396
0.1621
-0.3086
0.1436
0.8118
0.8063
-0.4913
0.4154
0.8574
0.5286
0.8943
0.7285
0.9448
0.5995
0.6037
-0.5675
-0.9015
-0.7280
-0.7517
0.5242
0.8656
0.5958
-0.4108
-0.6737
0.7275
-0.8523
0.5526
-0.1189
-0.1840
0.1473
-0.3097
0.2295
-1.7420
-3.0974
-3.0772
-3.0009
-3.4482
-1.6544
-1.9703
-1.6534
-2.2658
-2.6892
-2.1415
-2.2420
-3.3488
-2.9317
2.5557
1.7204
3.0698
3.2221
0.9206
0.6110
-0.1509
-0.1026
-0.3889
-0.5804
0.2243
1.6944
3.1588
3.4939
2.2239
3.0876
2.1779
3.5018
1.6172
2.6145
3.2860
3.1951
3.4771
4.2805
3.5372
1.1555
0.3019
-0.6262
0.1657
-0.5811
-0.2959
-0.4220
0.0874
0.9537
0.5923
0.8749
-0.5806
-0.1331
0.5403
1.1743
0.3194
-0.0494
-0.6608
0.5073
-0.1249
0.0852
0.6072
-0.5076
0.6742
0.7101
0.7699
-0.7754
0.0779
0.0135
-0.0626
0.7310
0.1949
-0.8519
0.4271
0.0639
-0.6806
-0.2810
-0.9160
0.3483
0.5758
-0.3221
-0.2062
0.8821
0.0431
0.9088
-0.8674
-0.7110
-0.4845
0.8419
-0.3919
0.9833
-0.5344
-0.9333
0.4349
0.5916
0.8178
0.4201
0.5660
-0.3589
-0.0549
-2.2830
-2.2896
-2.6213
-2.9355
-1.7484
-1.8712
-2.5164
-2.4532
-3.4881
-3.4696
-2.2506
-2.8318
-2.0005
-3.0817
-1.7675
-0.7638
1.8126
2.2415
2.1257
1.8686
-0.6649
0.8606
-0.0910
-0.6551
0.0621
0.5138
3.1326
1.6801
3.4440
3.4658
3.0687
2.8278
2.6935
1.6580
1.7022
1.6686
1.7417
2.1949
3.2004
1.7357
1.3006
0.3078
-0.4571
0.4091
0.5438
-0.8928
0.5935
-0.8065
-0.6255
-0.5057
-0.3365
-0.6906
0.3392
0.3526
0.9214
1.2584
-0.0380
-0.4780
-0.9358
-0.1346
-0.3001
-0.7270
0.1901
0.0220
0.0152
0.2207
0.4363
0.5182
0.6140
-0.0180
-0.8494
-0.8306
0.9594
0.0293
0.4916
-0.4568
-0.0342
0.9996
-0.8114
-0.8259
-0.1893
0.2184
0.2487
0.2185
-0.4084
-0.4456
-0.0966
0.9514
-0.4781
0.9973
0.4736
0.9154
0.1593
0.8216
0.9902
0.3925
-0.1300
0.2196
0.1082
-2.4285
-2.8769
-3.2834
-1.7517
-1.7780
-2.5619
-2.8990
-1.5838
-2.9355
-2.5566
-3.3536
-3.0907
-2.9046
-1.7131
-3.3859
-2.0679
-2.1901
-0.7093
1.6380
1.8452
1.6947
-0.9206
-0.6684
-0.8750
0.9516
-0.0536
0.2873
2.7035
2.4674
3.0429
2.9942
2.4556
3.1139
3.2277
3.1928
2.3216
1.9300
2.4583
1.8681
0.8859
-0.2359
0.9802
-0.2657
0.3392
-0.9076
-0.9199
0.4052
-0.5059
-0.6876
0.8078
-0.4136
0.6518
-0.1885
0.5559
-0.1693
2.3912
0.3648
-0.7596
-0.8229
-0.5050
0.3951
-0.4721
-0.1738
-0.0834
0.8435
0.8090
0.8189
0.0403
0.2662
0.5968
0.5205
0.8446
-0.1962
0.1016
-0.8980
0.2522
-0.0039
0.1818
0.2338
-0.2735
0.7102
0.7968
0.9497
0.2345
0.8673
0.3983
-0.1275
-0.3776
-0.4741
0.8636
-0.3474
0.6037
0.8258
-0.9282
-0.1336
-0.9684
-0.9969
0.3990
-0.4838
-1.6967
-2.6851
-2.6457
-2.7026
-2.1847
-2.2314
-1.9278
-2.4669
-3.2769
-2.8590
-3.4513
-2.2021
-3.3430
-1.8285
-1.9318
-2.4376
-3.2315
-3.5371
-2.2784
2.0509
2.2740
2.6294
-0.3268
-0.2383
0.0645
-0.0499
0.1038
0.6731
3.0463
1.8158
3.2652
3.5465
3.4513
1.6762
3.0288
3.4933
2.0173
2.8627
2.5166
2.4113
-0.7106
-0.9373
-0.7007
-0.6960
0.4172
-0.6086
0.5934
-0.6018
-0.9887
-0.3585
0.2710
-0.9332
-0.1868
-0.0009
-0.5257
0.7911
1.3398
-0.0780
-0.3910
-0.5592
0.0523
0.0288
0.1615
-0.5457
-0.1879
-0.2750
-0.5899
-0.8081
0.0503
0.9192
0.5030
-0.6472
-0.4699
-0.5781
-0.3741
0.8659
-0.8018
-0.1641
0.3883
0.2025
-0.1784
0.5940
-0.1604
-0.4396
-0.9483
0.4802
0.6767
0.7860
-0.6619
-0.3850
0.2288
-0.0235
0.2730
-0.6914
0.9693
0.2397
-0.6405
-0.7570
-1.1260
-1.6127
-1.6351
-2.5987
-2.5786
-1.5913
-1.7180
-2.7949
-2.4835
-3.2576
-1.9571
-2.7352
-2.7696
-1.9830
-3.1944
-2.0794
-3.0410
-2.6143
-3.1080
-2.8070
-1.8950
0.8334
1.7661
2.8114
-0.9103
0.0469
0.4448
0.9938
-0.9292
0.5120
1.6884
1.8228
2.9567
3.1581
2.5322
2.6664
2.5262
1.6220
3.0774
3.3086
3.0918
0.8332
-1.5295
-0.2212
-1.5627
0.1565
0.9504
-0.6367
0.4579
0.4410
0.5013
-0.7222
0.0692
0.8596
-0.7506
0.4420
0.3779
0.1977
1.5124
-0.6950
-0.9129
-0.4505
-0.8457
0.4092
0.1191
-0.4742
-0.4906
-0.4846
0.2696
0.8627
-0.8916
0.2204
0.9331
-0.7138
0.7811
-0.6462
0.8908
0.5079
0.0649
0.1294
0.9632
-0.0743
0.0513
0.8252
0.7612
-0.5674
-0.4078
-0.6621
-0.9891
-0.8220
-0.7157
0.6410
-0.3969
0.1252
-0.1400
-0.6100
-0.9689
0.7330
0.2594
-1.4788
-2.7073
-2.6006
-3.1654
-2.0745
-2.0728
-2.5087
-2.0858
-3.0588
-2.5820
-3.3931
-2.9062
-3.1306
-2.0260
-2.5794
-1.9886
-2.4661
-3.1890
-3.3260
-3.1230
-2.5919
-2.1915
0.8387
1.7509
1.7646
-0.9888
0.3790
-0.6609
-0.7828
0.9128
0.8980
2.3188
2.4529
3.4576
2.6357
2.3935
2.5977
1.8035
3.0248
1.9807
2.9222
3.5473
-1.0106
-1.6363
-0.5752
-2.3683
-1.7603
-2.2541
-0.0951
-0.6139
0.4709
-0.2475
-0.9657
0.2686
0.7465
-0.1986
-0.9885
1.0865
0.2611
0.9887
-0.2759
0.5582
0.8387
-0.9880
0.8337
0.0622
-0.3744
-0.8685
0.3090
-0.3973
-0.4893
0.3952
0.3199
0.9107
-0.9776
0.0401
-0.0510
-0.0869
-0.9783
-0.3522
0.7772
0.7757
0.2005
-0.8040
0.3943
0.4010
0.1866
0.6299
0.6630
-0.1768
-0.0828
0.7490
0.9489
0.2089
0.6277
0.8036
0.1573
-0.0256
-1.1348
-2.0640
-1.6590
-2.7842
-1.7422
-2.9335
-2.7705
-3.2614
-2.2423
-2.6894
-1.9153
-3.2585
-2.6273
-2.6644
-1.6428
-3.2237
-1.5560
-2.0273
-2.7458
-2.4732
-2.3478
-2.6910
-2.9565
-3.1267
-1.5338
2.9736
0.0822
0.8443
-0.5951
-0.1236
0.9399
-0.2657
0.7602
2.3606
2.3217
1.7715
2.0810
3.0246
2.9856
2.6633
2.0813
3.4094
2.6208
3.2618
-1.4265
-2.8753
-0.7188
-1.8852
-1.2612
-3.3088
-3.2321
-0.9024
-0.9800
-0.1969
-0.0074
0.4780
-0.8864
-0.9164
0.5394
-0.1294
1.8291
1.2333
-0.5593
0.0561
-0.5499
0.5842
-0.9231
0.9847
0.9528
-0.0523
-0.3798
-0.4410
-0.7391
-0.3369
-0.5111
-0.5454
0.4264
0.5811
0.7812
0.5021
-0.2957
0.1669
-0.8867
-0.7764
-0.0311
-0.9299
0.3151
0.9491
-0.8958
-0.7714
0.2916
-0.0638
-0.1055
-0.3963
0.1339
-0.9297
0.0357
-0.9463
-1.2841
-1.7200
-1.6789
-2.9623
-2.3133
-3.4937
-2.8824
-1.6783
-2.3732
-1.9953
-3.4972
-2.4268
-3.1706
-1.7804
-1.9390
-1.7132
-2.5935
-3.0067
-1.7249
-3.4458
-1.8782
-2.4722
-2.9232
-2.0481
-1.7900
-1.9017
-1.7365
1.8887
-0.3531
0.4411
0.7288
-0.6647
0.4720
-0.2933
-0.2580
2.2773
3.0731
2.3315
2.2925
1.6781
3.0994
2.4241
3.1684
2.9151
2.2903
3.3656
0.0456
-1.6773
-2.5067
-0.0949
-1.3193
-1.6890
-2.8138
-3.3033
-2.8475
-2.9156
-3.3078
-2.5187
-1.8657
-0.8865
-0.1483
1.1201
1.4680
0.3657
-0.0166
0.7891
-0.7706
-0.3885
-0.3954
0.0058
0.9824
0.6908
-0.7670
0.6054
-0.6873
-0.6810
0.4080
-0.2472
-0.1377
0.7464
0.2753
0.2591
0.7624
0.8105
0.0757
-0.2706
0.0843
-0.9305
-0.7284
0.1544
-0.4178
-0.9164
-0.0220
-0.1898
0.4686
0.5149
0.5745
-1.2469
-1.8069
-2.0477
-3.1341
-3.4612
-2.8862
-3.3728
-2.7490
-2.3830
-2.8468
-2.9635
-1.5643
-2.2353
-3.0029
-1.9384
-3.2965
-1.6853
-2.4499
-3.3231
-3.0937
-2.1898
-3.0537
-2.8682
-1.6323
-2.7817
-1.8394
-2.5200
-3.0274
-2.8259
-0.0964
0.0174
0.6764
0.7304
0.6426
0.5418
-0.2252
-0.9302
-0.1040
2.3493
2.1727
3.5499
3.1038
2.3639
2.0730
2.8676
2.1240
2.3969
2.9062
2.6213
-0.5481
-1.5736
-2.3967
-2.5127
-0.6942
-1.5870
-2.2665
-2.6639
-2.3294
-2.1030
-2.9814
-2.8881
-2.8568
-1.0276
-1.4206
-1.7252
-2.7206
-2.9850
-3.1593
-2.5684
-2.2812
-1.3657
-1.5550
-1.7899
-1.1429
-1.5517
-0.4858
0.2938
0.8658
-0.2687
0.9849
-0.3510
-0.4397
0.6933
0.0403
-0.3211
-0.5200
0.3868
0.7153
0.3877
0.8456
0.9541
-0.1109
-0.1287
0.4963
0.7755
0.2430
-0.4954
-0.5209
-3.1075
-2.2626
-1.6714
-2.0633
-2.0631
-2.4488
-3.2132
-1.6412
-2.7663
-3.3378
-2.9277
-1.7697
-3.2046
-2.0000
-2.7205
-2.6656
-2.4898
-3.0152
-3.5274
-2.0420
-2.8410
-3.0624
-2.9318
-2.9087
-3.4286
-1.7716
-1.9530
-3.0140
-2.5132
-2.9715
-2.7480
-0.5871
0.7242
0.9266
-0.8207
-0.4285
0.9762
-0.9440
-0.0471
-0.2672
1.6213
1.7439
2.0078
3.4780
3.0808
3.5359
2.5316
3.3275
3.1863
2.9381
1.7635
0.4816
-2.2630
-2.3320
-2.9734
-3.2393
-0.9718
-1.4503
-1.1328
-2.1963
-2.1815
-1.8400
-1.0427
-0.1287
0.5143
-0.7000
-2.8526
-2.3723
-3.4264
-3.8033
-3.8697
-4.1918
-4.6911
-4.4090
-3.4805
-3.5381
-3.3421
-4.1083
-4.3648
-3.4675
-2.5190
-3.1363
-1.8724
-1.9848
-2.0642
-1.3547
-0.8455
-0.2592
-1.6145
-0.3298
-1.3570
-1.9561
-0.7065
-1.4359
-1.2520
-2.2437
-2.3016
-1.6377
-3.1139
-1.6290
-3.3203
-1.7791
-2.0794
-2.9814
-3.5238
-3.2722
-3.4330
-1.7928
-3.4950
-2.0547
-1.9848
-2.4105
-3.3664
-2.2188
-2.1467
-2.6318
-2.1129
-1.8613
-1.8116
-3.0289
-1.7729
-3.2459
-2.7839
-2.6721
-3.3533
-2.2730
-1.9668
-2.4578
-1.8391
-1.7715
-3.8868
-0.0206
-0.5733
-0.4936
0.5991
0.6473
0.5638
-0.1564
-0.6312
-0.5084
3.4606
3.3487
3.1458
1.9897
2.4397
1.5531
2.3151
2.1308
2.0717
1.7212
2.9625
1.0999
-1.9997
-3.5358
-2.3028
-1.6114
-2.6205
-1.2809
-1.1078
-0.7377
0.4433
-0.9469
-0.1049
-2.0288
-3.7410
-3.7063
-4.8141
-4.7838
-4.6020
-5.4292
-4.4639
-5.6107
-4.9357
-4.9733
-4.6916
-5.3528
-4.5471
-4.1644
-4.7271
-5.4033
-6.0844
-4.4070
-5.8186
-5.2225
-5.1553
-5.3050
-4.9644
-5.2266
-4.0021
-3.4140
-3.5258
-2.5818
-3.4234
-2.5111
-3.4134
-3.0234
-3.0818
-2.1188
-2.5929
-2.1076
-2.0706
-1.7726
-2.2749
-3.0268
-3.0449
-1.9612
-3.4530
-3.3232
-3.0733
-2.6505
-3.5493
-2.1899
-1.7716
-3.1391
-2.6273
-3.1339
-2.8112
-2.9471
-3.1178
-1.8540
-3.4124
-2.4117
-2.3055
-2.0536
-3.4731
-2.5508
-1.8660
-2.0501
-3.9981
-3.9509
-3.6397
0.7372
0.0176
0.5727
-0.6429
0.6190
-0.4349
-0.0440
-0.4270
-0.5785
2.8614
3.2057
3.1537
2.8516
2.9595
2.7704
2.3212
2.0345
2.3025
2.2015
2.2907
2.7368
-0.5218
-2.0881
-1.6590
-2.3233
-2.6273
-3.1793
-2.7129
-2.9455
-4.3826
-3.9356
-5.5939
-6.0476
-5.8694
-5.3555
-5.0159
-5.3601
-5.1830
-5.9885
-5.2747
-5.7045
-4.4569
-4.1701
-5.4266
-6.0445
-5.7423
-5.6341
-4.3887
-5.5292
-4.6602
-5.1306
-5.4525
-4.7476
-5.5551
-4.1168
-5.6891
-5.3777
-6.0016
-5.6490
-6.0801
-5.3238
-3.8123
-4.9666
-3.7549
-2.8707
-2.9263
-2.2853
-2.0367
-3.5321
-2.3563
-3.2926
-3.1774
-1.7554
-1.5653
-2.9319
-1.6760
-3.0871
-1.9323
-2.7694
-3.2705
-2.0359
-2.3855
-2.5333
-2.9682
-3.4011
-2.8432
-2.0461
-3.4435
-3.1615
-1.8149
-1.6535
-1.7378
-2.5437
-2.4008
-2.7215
-2.8621
-5.1780
-4.3095
-5.1874
-1.4959
-0.8622
0.7219
-0.9407
0.2296
-0.0895
0.9588
-0.8806
0.6200
-0.4388
1.7663
1.2580
1.8981
2.1533
3.0440
2.1610
3.4700
2.3269
3.2385
2.0294
2.5269
3.3111
1.3176
-2.1498
-2.6907
-3.6713
-4.3224
-5.5692
-4.6875
-5.1284
-4.1619
-5.8669
-4.7604
-4.4049
-5.8683
-5.9561
-5.9865
-5.9073
-5.2251
-5.7647
-4.4666
-5.3842
-4.2199
-5.3942
-4.2334
-4.5842
-5.9480
-4.1001
-5.2202
-4.6435
-5.9619
-4.7283
-5.6244
-5.1025
-5.2259
-5.4673
-5.4495
-4.7613
-6.0476
-4.4688
-4.7779
-4.5811
-5.4755
-5.2641
-4.6152
-4.6906
-5.7443
-4.8780
-3.6812
-2.8234
-2.4848
-3.4676
-2.4846
-2.7956
-2.4405
-1.9288
-2.3034
-1.7332
-3.5368
-2.3083
-1.8544
-1.6585
-2.0047
-2.9379
-2.0209
-1.7744
-2.2470
-2.6319
-2.1807
-1.7622
-2.3752
-1.8128
-2.2887
-3.0073
-4.4367
-3.5266
-4.3111
-5.7250
-5.1929
-2.8294
-0.5874
0.1961
-0.8998
-0.6147
0.6490
-0.2124
0.8620
0.0455
0.8761
0.0287
0.1112
0.6219
-0.5147
0.0766
0.6150
2.2068
2.3515
1.4018
2.1352
1.4733
1.6939
-0.3229
0.3447
-2.4174
-5.1878
-5.2103
-5.5748
-4.9435
-5.3610
-5.8780
-4.4907
-4.1750
-5.6642
-5.5860
-5.2102
-5.1674
-4.9391
-6.0522
-4.8532
-5.9821
-4.6350
-4.2075
-5.3323
-5.4248
-5.8853
-4.6421
-4.4479
-5.2684
-4.8221
-5.7082
-4.9763
-6.0242
-4.7176
-4.8985
-4.7739
-5.4898
-4.1982
-4.8966
-5.5625
-4.8603
-4.5408
-4.1892
-5.1257
-5.7650
-5.5471
-4.2922
-5.2058
-5.5257
-5.5126
-6.0109
-5.8144
-6.0405
-5.6033
-3.8103
-3.7497
-4.6085
-3.2184
-3.4164
-2.2829
-3.1828
-2.0240
-3.0009
-2.4818
-2.4285
-2.2693
-2.4041
-2.2168
-3.1407
-2.0555
-2.2714
-1.6828
-2.0657
-3.0739
-5.0860
-5.4759
-5.8552
-4.8776
-5.0555
-2.1407
0.8967
-0.8741
-0.2674
-0.8215
0.8488
0.6992
-0.5287
0.3646
-0.1006
0.7539
-0.4153
